112,1,300,8,75.95152071655546,133683.96799999996
112,1,300,8,76.47440253203962,136991.23199999987
247,2,300,8,64.90524172621791,192323.58399999933
247,2,300,8,65.0523331547998,196957.18399999943
114,3,300,8,77.90424577476873,143630.3359999998
114,3,300,8,77.2178194527653,143553.024
110,4,300,8,78.78324171142057,137472.76799999992
110,4,300,8,73.78306796948095,128603.64799999975
118,5,300,8,77.41936883318708,139989.75999999983
118,5,300,8,78.00227394892286,141704.4479999999
163,6,300,8,73.10787805543467,162160.63999999978
163,6,300,8,71.87508521587948,160107.51999999976
227,7,300,8,65.90091514295216,182750.20799999955
227,7,300,8,67.01340965484536,181183.48799999955
124,8,300,8,76.1189336388138,142434.8160000001
124,8,300,8,75.81347283447583,141098.7519999997
136,9,300,8,75.9478030478847,150546.43199999994
136,9,300,8,73.64976056848663,145569.79200000004
160,10,300,8,72.98925396770441,162531.3279999995
160,10,300,8,73.5204353243067,158419.96799999985
226,11,300,8,66.49943346601927,178556.92799999972
226,11,300,8,65.96836306318012,180569.08799999955
111,12,300,8,75.3518767617149,131415.80799999982
111,12,300,8,77.37176457058987,138757.11999999988
114,13,300,8,75.7989672922146,126191.6159999998
114,13,300,8,73.69359893950846,126917.63199999985
72,14,300,8,75.38620747101336,99768.576
72,14,300,8,78.23465953290864,100304.89599999996
136,15,300,8,72.18452151600206,141913.59999999983
136,15,300,8,76.27766384912057,149552.89599999983
213,16,300,8,67.60539115199165,171213.824
213,16,300,8,67.68786186569096,175140.86399999962
163,17,300,8,71.85878845543111,147747.5839999997
163,17,300,8,71.32613676489925,151244.80000000002
135,18,300,8,74.23531178890653,130793.21599999972
135,18,300,8,72.60836353939159,140664.31999999986
105,19,300,8,78.35940107421698,122948.09599999999
105,19,300,8,74.51298415806623,116475.39199999993
137,20,300,8,73.20118293296353,125969.15199999978
137,20,300,8,73.92366457139427,140904.96
171,21,300,8,71.1084347083022,147950.33599999998
171,21,300,8,72.90967645094322,158472.19199999992
122,22,300,8,76.09225376486116,130515.19999999991
122,22,300,8,75.07003034291502,130234.36800000002
138,23,300,8,74.22462034126404,142134.0159999997
138,23,300,8,74.9809098352845,137362.1759999998
116,24,300,8,75.23409622376185,118729.47199999988
116,24,300,8,73.1962270917321,124639.23199999995
220,25,300,8,67.84139030652588,164422.65599999978
220,25,300,8,68.7011441344223,154730.23999999982
211,26,300,8,67.60569135240867,153206.27200000003
211,26,300,8,69.06069861398704,160820.22399999973
84,27,300,8,76.94186089830004,93951.74400000012
84,27,300,8,75.29582570798978,103197.18400000002
153,28,300,8,71.92759412318269,137875.19999999987
153,28,300,8,73.96275015917703,150035.19999999972
64,29,300,8,80.32161349685659,84588.80000000005
64,29,300,8,80.42934862528077,89251.07200000012
236,30,300,8,63.646420700832095,154111.99999999962
236,30,300,8,65.29284077407871,163363.84
209,31,300,8,66.55138856667054,153060.35199999964
209,31,300,8,69.17114103225323,147203.07199999987
146,32,300,8,73.06541031010964,124872.44799999981
146,32,300,8,73.25875502756274,135173.63199999978
69,33,300,8,75.73362002238338,86720.2560000001
69,33,300,8,76.7260763996941,81599.74400000011
66,34,300,8,77.71237897835037,82606.08000000028
66,34,300,8,77.48778028428698,90597.3760000001
77,35,300,8,79.16866111407738,99353.85599999996
77,35,300,8,78.6548481001162,90937.85600000015
102,36,300,8,74.07774040763171,98901.50400000006
102,36,300,8,74.85621938173796,106532.60799999996
187,37,300,8,69.93883257248015,147844.09599999993
187,37,300,8,69.65447457650768,139882.23999999982
226,38,300,8,68.43728229833187,149966.84799999982
226,38,300,8,67.29748862053158,147673.0879999999
214,39,300,8,69.27193409837872,149735.42399999997
214,39,300,8,64.46990635556254,141737.72799999977
193,40,300,8,69.74853673366422,146603.00800000006
193,40,300,8,68.17942811644106,140535.80799999987
71,41,300,8,77.51599082272107,86476.2880000001
71,41,300,8,77.26896695213502,83448.0640000001
234,42,300,8,65.63063761901175,147624.96000000002
234,42,300,8,64.83436582040115,152407.03999999978
114,43,300,8,73.4837572596788,114347.00800000005
114,43,300,8,72.89877636517691,110477.05599999991
228,44,300,8,66.08626334689215,154503.16799999986
228,44,300,8,65.1611614691593,146434.04799999984
205,45,300,8,67.53887667342215,143966.97599999982
205,45,300,8,67.63894781080504,138263.55199999976
174,46,300,8,72.04588685765455,132518.91199999966
174,46,300,8,71.25906827325478,125175.2959999998
216,47,300,8,67.46680229343204,142173.1839999998
216,47,300,8,66.86268523236933,136848.3839999998
208,48,300,8,67.29068316502168,151273.21599999987
208,48,300,8,66.68577078188171,137904.8960000001
98,49,300,8,73.07373033518154,98968.31999999996
98,49,300,8,71.4983998518568,100234.24000000017
142,50,300,8,70.29366489350151,108599.29599999994
142,50,300,8,72.30951190393856,113740.288
205,51,300,8,66.74107206380062,136752.89599999966
205,51,300,8,65.16337517798395,134402.8159999998
119,52,300,8,72.81328999351354,114162.68799999992
119,52,300,8,71.8300912346486,107827.20000000008
204,53,300,8,66.90211660761366,122877.43999999989
204,53,300,8,68.43630373999355,128868.35199999996
162,54,300,8,68.13252969737262,116387.07200000009
162,54,300,8,70.43572572636721,122582.52799999993
143,55,300,8,73.80070104310036,112102.39999999986
143,55,300,8,70.54830866626823,117093.63199999991
56,56,300,8,76.18273736585817,73038.59200000021
56,56,300,8,77.75636963242015,65440.00000000016
205,57,300,8,66.88515137216383,133988.3519999998
205,57,300,8,66.22060790234472,128857.59999999987
244,58,300,8,63.75075241218536,137341.69599999968
244,58,300,8,64.86236431064737,136717.05599999992
81,59,300,8,73.07644754941752,80094.72000000013
81,59,300,8,74.1065262109281,80560.64000000013
200,60,300,8,66.60446406711156,129423.10399999977
200,60,300,8,65.71483934054561,125567.48799999995
163,61,300,8,67.21860538023269,120748.54399999975
163,61,300,8,70.22262868500017,117405.95199999982
202,62,300,8,67.94750631233254,132806.91199999978
202,62,300,8,68.04671576683054,128301.82399999995
130,63,300,8,68.31556402840563,102640.63999999987
130,63,300,8,72.4960234946815,97064.19200000016
214,64,300,8,65.17741983780938,128323.58399999973
214,64,300,8,63.80471479467354,123961.3439999999
243,65,300,8,63.4031269270675,133583.6159999998
243,65,300,8,63.298811064118674,122514.43199999978
214,66,300,8,64.93781416003519,116178.6879999998
214,66,300,8,66.30168829372448,118927.61600000001
244,67,300,8,62.981179301592746,139753.47199999995
244,67,300,8,62.66385268942201,123558.91199999985
56,68,300,8,74.70963590683387,66829.3120000001
56,68,300,8,78.02906678815448,67561.21600000017
185,69,300,8,66.6242463913379,112750.08000000007
185,69,300,8,67.20215141938426,121290.23999999995
87,70,300,8,73.24371028919894,81562.36800000009
87,70,300,8,74.09488502428007,71864.57600000025
113,71,300,8,72.8770525432682,91639.04000000026
113,71,300,8,70.29389362159816,93738.23999999995
83,72,300,8,74.02533534443249,72368.64000000007
83,72,300,8,73.53092526836373,86105.3440000001
108,73,300,8,71.99100718962539,82081.53600000017
108,73,300,8,69.0364705811406,87374.84799999988
117,74,300,8,68.17964842208693,92664.06400000009
117,74,300,8,73.12925749710737,89714.9440000001
123,75,300,8,69.89460570177269,92282.88000000008
123,75,300,8,68.18956699474919,93281.28000000004
63,76,300,8,72.97392112987136,61447.936000000125
63,76,300,8,73.81110603476098,58360.320000000145
171,77,300,8,67.1600756222417,103640.32
171,77,300,8,66.6112101151254,109436.67199999987
60,78,300,8,77.44864045777106,55768.32000000006
60,78,300,8,76.28262995813331,61763.0720000002
243,79,300,8,60.02692720768287,120113.1519999999
243,79,300,8,61.80607870507633,122135.29599999997
239,80,300,8,61.95970969777152,115735.29599999983
239,80,300,8,61.02162213203677,118970.62400000001
215,81,300,8,64.10307639321414,111503.3599999999
215,81,300,8,61.581375512864355,116757.24799999979
212,82,300,8,62.723939950058906,108082.94399999994
212,82,300,8,63.457729408291755,106900.47999999984
231,83,300,8,62.021768556818735,111023.10399999993
231,83,300,8,61.66160725533874,113946.3679999999
123,84,300,8,68.12435425572123,86576.38400000015
123,84,300,8,67.73221473709219,83477.50400000018
123,85,300,8,65.88950230805165,94471.67999999995
123,85,300,8,67.65542289301555,86724.86400000005
64,86,300,8,71.1483048656092,70311.42400000029
64,86,300,8,77.90241490015343,51831.80800000011
149,87,300,8,64.6932016630389,98483.19999999997
149,87,300,8,66.8121854253559,100613.6320000001
158,88,300,8,64.22970387050594,93530.11200000011
158,88,300,8,67.07738804623042,94157.56799999988
87,89,300,8,71.9872256580615,69360.8960000001
87,89,300,8,72.92815160761968,67792.6400000001
142,90,300,8,66.64558413497917,92559.10399999996
142,90,300,8,68.43718121887858,86561.2800000001
54,91,300,8,74.05423746248985,54536.96000000018
54,91,300,8,73.31552981159389,55478.27200000011
106,92,300,8,69.43105344882508,77945.85600000006
106,92,300,8,67.94654045068897,80059.64800000007
240,93,300,8,60.10242156904222,111638.78399999977
240,93,300,8,61.01449838069182,109801.21599999987
230,94,300,8,60.161850922842454,108094.46399999988
230,94,300,8,60.84369679496252,104105.47199999997
191,95,300,8,62.74494358621268,97972.47999999991
191,95,300,8,62.535474642643784,107905.02399999992
147,96,300,8,67.16622388030969,86663.67999999996
147,96,300,8,62.63625287827006,99480.32000000004
200,97,300,8,62.443060179454775,97492.73600000008
200,97,300,8,62.56868912923411,95485.69599999988
232,98,300,8,59.53111964446772,103853.31200000009
232,98,300,8,59.3428390909525,102947.32800000001
90,99,300,8,72.57164458738713,56800.25600000018
90,99,300,8,73.46108427129295,60370.176000000174
206,100,300,8,60.737184252893236,93809.40800000016
206,100,300,8,60.93904359767378,95282.94399999989
142,101,300,8,64.50504374653974,87105.2800000002
142,101,300,8,65.32960659984766,90108.41600000001
221,102,300,8,59.75429215430225,98275.32799999975
221,102,300,8,58.46842432778604,99903.99999999996
204,103,300,8,62.49269371685674,86998.52800000011
204,103,300,8,57.69120744228605,95114.75199999986
231,104,300,8,57.752474635397135,89947.90400000002
231,104,300,8,59.05534658264454,99123.71199999996
190,105,300,8,62.01097537187966,94428.16000000006
190,105,300,8,63.44658515406574,91608.06400000011
203,106,300,8,60.89887349792969,91293.18400000015
203,106,300,8,59.02334568066908,100421.88799999988
99,107,300,8,69.08502420497786,67472.89600000015
99,107,300,8,66.55572074314445,64690.432000000146
120,108,300,8,65.27925058603343,83720.44800000002
120,108,300,8,62.088274525587686,79743.74400000018
160,109,300,8,63.812058084297774,86921.21599999999
160,109,300,8,63.30498553493557,89191.68000000011
136,110,300,8,64.47185916954723,83434.2400000001
136,110,300,8,64.05484881500325,82686.46400000017
180,111,300,8,59.640690314175274,88035.32800000005
180,111,300,8,61.84223491434526,88267.00799999993
136,112,300,8,61.34724478853955,83519.99999999997
136,112,300,8,64.71912382855078,77110.01600000009
104,113,300,8,66.1543526324787,74037.24800000021
104,113,300,8,67.6110621143075,64606.976000000155
170,114,300,8,60.87476206284816,87241.98400000008
170,114,300,8,60.97077244214656,89291.00800000013
239,115,300,8,58.51910028211786,98556.41599999981
239,115,300,8,55.74776250618474,101076.47999999997
132,116,300,8,63.7534385405513,71949.56800000013
132,116,300,8,63.83902048868272,73431.04000000015
201,117,300,8,58.816121652482266,86845.95199999999
201,117,300,8,60.09228163596493,89539.07200000004
192,118,300,8,59.97858810136886,84375.5520000001
192,118,300,8,60.24381576073943,86490.11200000005
219,119,300,8,56.7007679126449,87092.22400000007
219,119,300,8,57.00419111722367,96314.11199999998
151,120,300,8,64.28679441242726,76567.04000000012
151,120,300,8,60.791700265877815,79032.0640000001
105,121,300,8,65.6920731047249,64520.448000000164
105,121,300,8,64.33995255043715,71107.84000000003
94,122,300,8,67.55853481887281,63497.72800000011
94,122,300,8,65.02420143950613,70547.71200000012
63,123,300,8,68.50134090269304,52070.14400000019
63,123,300,8,66.6828177962409,47557.88800000006
229,124,300,8,56.77473536122728,86090.496
229,124,300,8,59.04435364816767,87439.10399999996
136,125,300,8,64.38113285761001,63177.72800000009
136,125,300,8,61.590950205887765,70379.00800000006
223,126,300,8,56.74357688908731,84407.04000000007
223,126,300,8,57.52879727175281,88693.50400000007
68,127,300,8,69.21117465147803,50539.00800000008
68,127,300,8,66.45676642991356,54145.53600000004
89,128,300,8,65.69670953717822,56911.104000000174
89,128,300,8,66.88707604115312,60940.80000000024
79,129,300,8,64.08324390895531,57708.2880000001
79,129,300,8,66.25735740113471,51437.31200000012
94,130,300,8,68.13160367222963,55731.71200000022
94,130,300,8,64.956932032459,55601.920000000115
76,131,300,8,63.41174565995451,58280.448000000164
76,131,300,8,67.95718114782147,44256.25600000012
166,132,300,8,59.64175692784065,78493.44000000008
166,132,300,8,60.35439203654689,73287.68000000007
239,133,300,8,54.960420061867886,82493.44000000005
239,133,300,8,55.31022258337348,81836.80000000012
123,134,300,8,65.23860777552115,57714.17600000014
123,134,300,8,64.04090348873716,59869.95200000009
148,135,300,8,61.70138164030969,68268.28800000007
148,135,300,8,61.39459980485233,69915.39200000014
228,136,300,8,56.37606144890673,83535.61599999997
228,136,300,8,54.96070024474562,88422.144
137,137,300,8,61.17181648509317,69755.13600000014
137,137,300,8,62.30111593353909,67296.76800000016
133,138,300,8,59.42054173709897,69018.36800000016
133,138,300,8,61.871712965278334,67472.12800000027
91,139,300,8,66.05986089023376,46380.80000000011
91,139,300,8,65.07620031984561,53156.096000000136
248,140,300,8,54.60295838675232,73620.22400000012
248,140,300,8,54.566870980028966,79425.02400000018
67,141,300,8,67.30405851961424,39621.37599999995
67,141,300,8,65.46741766085582,44103.93600000005
165,142,300,8,60.69250970285191,68201.72800000018
165,142,300,8,60.584753041932395,69230.33600000021
146,143,300,8,61.10374332847637,65397.50400000015
146,143,300,8,61.440977220506696,70144.76800000021
165,144,300,8,59.59526659207158,71782.91200000021
165,144,300,8,61.719034371055805,65261.31200000017
160,145,300,8,59.222575773924,65843.71200000003
160,145,300,8,60.15729502680877,72220.92800000012
174,146,300,8,61.824242094782875,66193.40800000005
174,146,300,8,59.4250421362709,65895.16800000008
205,147,300,8,57.943796903762504,71185.1520000001
205,147,300,8,57.607560180634046,74715.64800000019
235,148,300,8,54.18537249119952,77259.51999999997
235,148,300,8,52.81806434446319,70487.8080000001
170,149,300,8,59.30965020863324,68668.92800000012
170,149,300,8,55.93691440993182,74251.7760000001
76,150,300,8,64.80025953342778,49571.3280000001
76,150,300,8,68.11034474475531,41098.23999999996
153,151,300,8,58.49908830063387,61357.05600000011
153,151,300,8,60.926107047433476,65297.66400000017
249,152,300,8,51.76163055642622,79014.1440000001
249,152,300,8,56.007943372562195,71259.13600000016
173,153,300,8,56.86113365993067,72541.18400000008
173,153,300,8,58.31615185087154,65667.58400000012
148,154,300,8,58.43740393927088,61672.96000000017
148,154,300,8,61.15805294162131,54445.31200000012
209,155,300,8,56.45970601825788,68512.25600000011
209,155,300,8,56.468120180367066,73832.96000000006
158,156,300,8,59.28475891250119,63305.2160000002
158,156,300,8,59.46475050974589,64023.552000000025
214,157,300,8,53.45922667218258,74060.54400000002
214,157,300,8,54.22926846924639,67158.52800000005
109,158,300,8,59.59988967594426,60371.96800000014
109,158,300,8,61.95073989717523,52457.47200000006
241,159,300,8,53.47418000939099,68427.26400000018
241,159,300,8,53.27391760269657,71834.62400000003
151,160,300,8,58.94805386072118,58984.960000000145
151,160,300,8,58.97641972378644,60272.128000000164
225,161,300,8,55.77587081566272,65569.79200000009
225,161,300,8,52.994199052253464,68568.0640000001
59,162,300,8,63.63259766027654,39438.84800000008
59,162,300,8,66.37392020022804,38210.81600000005
125,163,300,8,60.41675479014433,53212.6720000002
125,163,300,8,58.90875713329695,54979.840000000084
232,164,300,8,53.27697168071952,69526.27200000014
232,164,300,8,54.08138344351649,62232.32000000017
110,165,300,8,62.797310508784236,56126.208000000166
110,165,300,8,60.939733563720445,51536.64000000017
214,166,300,8,55.23337991232672,73259.26400000016
214,166,300,8,53.30244554567983,67233.0240000001
188,167,300,8,56.06885961603818,66096.6400000001
188,167,300,8,56.14935634391129,61632.51200000007
239,168,300,8,52.24924442114239,72772.6080000001
239,168,300,8,51.31765310668494,94627.58400000024
208,169,300,8,53.07744081916043,86702.59200000003
208,169,300,8,53.97920415174523,83682.304
164,170,300,8,58.72400017701703,73500.41600000008
164,170,300,8,56.8887875758203,71776.51200000013
111,171,300,8,58.82826808954267,65492.48000000007
111,171,300,8,60.494950659105264,74832.38400000002
225,172,300,8,50.66525954919342,115027.45600000021
225,172,300,8,53.454716644286904,98709.50400000003
124,173,300,8,59.94087950006529,79340.03200000014
124,173,300,8,60.06530204369612,74813.95200000002
93,174,300,8,62.451216213585134,59960.06399999996
93,174,300,8,61.38007540632838,69993.2159999999
81,175,300,8,62.26930233417895,57341.695999999945
81,175,300,8,65.87156576844326,47204.095999999896
87,176,300,8,63.54080148253763,68057.59999999993
87,176,300,8,62.57944400409931,76933.37599999992
103,177,300,8,62.601292810401574,74260.73600000003
103,177,300,8,59.58511784592232,72332.79999999994
81,178,300,8,63.375805497096934,69606.39999999997
81,178,300,8,63.87942543635962,73880.31999999999
177,179,300,8,55.14061418235222,98920.7040000002
177,179,300,8,55.24268178324152,99526.65600000012
238,180,300,8,50.803252416735454,111148.54400000024
238,180,300,8,54.08667577160477,90100.99200000003
182,181,300,8,53.43279477098586,119702.0160000002
182,181,300,8,55.85973418764113,122417.664
241,182,300,8,49.851133475080374,152325.63199999998
241,182,300,8,50.32752255584557,116024.83200000014
147,183,300,8,57.68859315395791,120675.83999999988
147,183,300,8,56.15033500057584,109330.43200000003
149,184,300,8,56.96586716815732,120598.5279999999
149,184,300,8,56.73714709523225,116263.42399999988
219,185,300,8,53.88511503347407,120866.30400000012
219,185,300,8,52.53147764178699,139267.58399999994
182,186,300,8,55.36599102685149,119713.28000000004
182,186,300,8,55.30793269320989,108976.63999999998
69,187,300,8,64.44909112120001,90406.4
69,187,300,8,62.87118423461047,91745.27999999998
180,188,300,8,53.89914348812466,146699.77600000022
180,188,300,8,54.757455044421164,149006.33599999978
207,189,300,8,53.777626319656726,152264.70399999997
207,189,300,8,54.47644931865694,133107.712
101,190,300,8,57.405241565411416,105839.61599999983
101,190,300,8,63.626276124418204,111750.14399999991
87,191,300,8,58.853526854458714,110873.08799999981
87,191,300,8,62.8014389277068,102943.23199999983
68,192,300,8,60.53190309388703,96717.31199999976
68,192,300,8,64.95613254446306,78650.87999999989
245,193,300,8,52.458421134117316,176563.20000000027
245,193,300,8,52.1285693898606,165014.52800000025
141,194,300,8,58.321126508186936,143140.35199999993
141,194,300,8,56.201125017877494,144950.2719999998
248,195,300,8,51.625320500042506,185375.7440000003
248,195,300,8,49.91881398336579,180439.5520000003
204,196,300,8,54.61591679959839,164253.69599999976
204,196,300,8,52.9315185486898,170207.23200000005
55,197,300,8,59.802530748360596,68342.78399999999
55,197,300,8,62.44724927545283,56157.18399999999
122,198,300,8,56.229653814807556,153059.32799999966
122,198,300,8,56.95151920750503,158434.30400000012
177,199,300,8,55.015714454919454,170783.7440000002
177,199,300,8,52.987276394850426,170924.03200000012
124,200,300,8,55.54687528534469,148458.49599999972
124,200,300,8,59.68091165709058,132773.88799999957
229,201,300,8,51.99004610903219,174885.8879999999
229,201,300,8,51.71189286477361,167464.96000000017
140,202,300,8,58.14525798000676,126496.76799999968
140,202,300,8,58.04414124959688,134329.34399999975
166,203,300,8,53.91999376451433,169640.9600000002
166,203,300,8,54.459120153949506,131143.67999999982
109,204,300,8,59.65531395017409,138790.91199999952
109,204,300,8,58.86384958071263,114767.8719999997
139,205,300,8,57.1842134450509,127209.47199999948
139,205,300,8,56.91373133476127,133836.79999999958
118,206,300,8,57.30377533227794,148065.27999999962
118,206,300,8,60.008234131505944,129073.15199999954
124,207,300,8,57.74755479520092,113969.1519999996
124,207,300,8,55.60970549320985,118195.19999999963
222,208,300,8,50.77920684833258,150945.792
222,208,300,8,49.36556518882514,171782.144
117,209,300,8,57.50601096880952,137507.83999999973
117,209,300,8,59.22004811884508,112806.91199999965
201,210,300,8,50.957548880391165,153434.11199999996
201,210,300,8,52.9828672971153,145402.8799999995
244,211,300,8,51.114566660211025,138052.60799999977
244,211,300,8,51.42622670042422,146113.53599999985
98,212,300,8,59.99016544968535,81747.9679999999
98,212,300,8,57.439054170864026,111958.01599999971
204,213,300,8,54.328441797102464,143659.00799999965
204,213,300,8,53.891874618380086,144529.40799999962
113,214,300,8,58.757106547165364,90568.70399999977
113,214,300,8,57.66512666054182,120830.97599999965
59,215,300,8,64.26759408801418,72302.59199999995
59,215,300,8,62.936831802417984,84697.08799999979
167,216,300,8,52.8148040451477,139888.63999999978
167,216,300,8,54.80837978729516,134757.37599999947
222,217,300,8,53.22343758995854,157187.07199999964
222,217,300,8,52.52172752192082,130485.24799999967
160,218,300,8,56.8653820970418,123998.20799999972
160,218,300,8,53.374027689745795,128346.11199999973
163,219,300,8,54.408705968062556,109416.44799999973
163,219,300,8,54.016271096418464,138809.3439999997
90,220,300,8,63.60449396201264,84167.67999999985
90,220,300,8,60.57349801305657,50432.00000000001
151,221,300,8,57.72723274257366,95722.49599999988
151,221,300,8,56.82137736183856,118553.59999999976
162,222,300,8,52.90417890523456,117171.1999999998
162,222,300,8,52.34779464181967,137800.7039999997
218,223,300,8,51.80725512617232,139002.87999999968
218,223,300,8,51.73398677774777,126765.0559999995
247,224,300,8,49.698742830005976,140861.43999999986
247,224,300,8,50.064083707372234,129102.84799999977
205,225,300,8,50.9024251953756,131535.87199999965
205,225,300,8,51.319743339872716,107334.65599999978
76,226,300,8,61.71788379037133,80338.94399999989
76,226,300,8,62.34307459720386,49674.240000000005
96,227,300,8,59.48993775430825,83597.31199999985
96,227,300,8,59.4474087560288,95585.27999999982
146,228,300,8,54.78170991936333,111361.02399999964
146,228,300,8,58.84940947220859,80104.44799999979
71,229,300,8,58.577591108056104,60722.17599999999
71,229,300,8,61.73789961485935,73396.22399999994
159,230,300,8,54.986278568849336,84241.4079999999
159,230,300,8,55.43615822804478,117186.55999999969
160,231,300,8,53.399689430775986,118119.4239999997
160,231,300,8,55.67307513463034,104628.22399999999
240,232,300,8,48.989519638375505,109078.5279999996
240,232,300,8,50.06497479216766,108114.94399999958
131,233,300,8,58.538613908847125,95930.36799999971
131,233,300,8,55.65360534103942,104910.84799999969
152,234,300,8,52.2573425707843,102853.63199999976
152,234,300,8,58.70905458748486,57269.24800000003
79,235,300,8,57.56118818397522,64545.792
79,235,300,8,60.85558212950093,43831.29599999999
179,236,300,8,52.36481351305908,102806.52799999969
179,236,300,8,52.368972705220116,104659.96799999986
115,237,300,8,55.39470982544955,93199.35999999977
115,237,300,8,61.36967505852326,63575.039999999964
197,238,300,8,52.85504690151621,115293.18399999983
197,238,300,8,52.955515175510584,94012.41599999987
102,239,300,8,59.2177394694685,75025.40799999998
102,239,300,8,57.71048850932403,87562.23999999985
91,240,300,8,59.009774513866255,62956.544000000016
91,240,300,8,60.22080738281066,62225.40799999995
147,241,300,8,58.63499808261289,78387.19999999985
147,241,300,8,57.22192809198716,65484.80000000002
220,242,300,8,48.76247763614338,126536.70399999977
220,242,300,8,52.12576968533813,89518.07999999994
130,243,300,8,54.39964435770133,80783.35999999986
130,243,300,8,58.009520876275175,69115.90400000002
246,244,300,8,49.892485084482594,87931.90399999983
246,244,300,8,48.8969094189723,93390.84799999977
64,245,300,8,61.592964928150806,28382.207999999995
64,245,300,8,60.43382100854336,50097.152000000024
143,246,300,8,57.01810639180831,83297.27999999985
143,246,300,8,56.94494612972149,49423.35999999999
164,247,300,8,53.30007349881974,77476.86399999994
164,247,300,8,51.90025073795501,92583.93599999971
77,248,300,8,57.95009228760083,38159.36000000005
77,248,300,8,62.18825671572592,40059.90400000001
113,249,300,8,57.88282965205872,63318.01600000001
113,249,300,8,53.735183055126825,78718.97599999984
