1,98.18181818181819
1,97.72727272727273
1,95.74468085106383
1,97.3913043478261
1,98.98989898989899
1,96.63865546218487
1,95.45454545454545
1,98.96907216494846
1,100.0
1,95.23809523809523
2,97.72256728778468
2,98.57751830228895
2,88.70967741935483
2,88.50646641635377
2,92.01127819548873
2,88.55882352941175
2,97.31182795698925
2,98.18181818181819
2,95.99358974358974
2,92.90152221186705
3,95.99432825239276
3,92.30438450007466
3,95.1843895452918
3,89.11289852538323
3,90.41855334958782
3,97.12092878292037
3,89.959073032791
3,99.03376927581496
3,97.63157894736842
3,89.34707903780068
4,85.93458859200372
4,88.9796047098402
4,84.65775221378874
4,94.6262650723137
4,90.41304922987601
4,90.00813894948816
4,89.80440556435248
4,93.02646136824636
4,91.22447294200198
4,91.97382478632478
5,89.2433662923859
5,89.74737945492663
5,85.13313512669181
5,90.15938471608574
5,91.81139994153347
5,92.79647770781752
5,92.12861212861213
5,92.57669952494768
5,94.03145069702097
5,96.5301253211565
6,91.6336776761372
6,93.78781339843476
6,94.56207119830839
6,93.30641972949213
6,86.08775254498538
6,94.07012033796117
6,93.73215039158626
6,86.09421669291112
6,91.06764141025253
6,86.09936945598416
7,85.03925232101898
7,96.39045115747858
7,94.39686107434586
7,94.49744295036868
7,86.56727101130069
7,87.4402296575737
7,95.31657450488701
7,86.5075105913547
7,94.1345555955116
7,95.24206424411385
8,92.97431683294086
8,93.09547736096548
8,87.67110358919751
8,89.35010174367794
8,87.24033208210497
8,88.85871253648426
8,87.12491342030337
8,90.94500894288696
8,93.80763146605324
8,91.29227652954613
9,85.0883374973786
9,85.41552992344675
9,89.4792196703344
9,89.30482866432473
9,91.29162675356598
9,90.51199899320181
9,90.0969303509267
9,87.5504508910306
9,89.75991274777822
9,94.45992669807342
10,91.19163848262988
10,92.2052425852606
10,89.01097037438028
10,91.61831444304596
10,88.93385054387836
10,88.92721774826427
10,90.71065286688814
10,88.9820244442159
10,92.99929718095153
10,90.75111060613608
11,87.95857299037083
11,86.16136699006904
11,87.55067419755477
11,90.64200228796383
11,91.48696395038004
11,87.80055247683234
11,87.70378539598073
11,91.89684736491043
11,89.48070437625898
11,89.09582183286908
12,90.90372860826568
12,91.15058927111977
12,91.97151069498166
12,91.18645923088322
12,82.86755015700838
12,87.67427226860595
12,89.66264228993951
12,91.17874790711018
12,91.42648842356014
12,87.69591015996706
13,85.59913588809795
13,89.6882264692173
13,89.75512048116792
13,90.93047465449015
13,87.10860098168584
13,85.52860862402495
13,90.55088528490234
13,87.20961933333238
13,92.52606081632184
13,88.31208544756736
14,90.53987662066146
14,91.34515973504541
14,88.47578562785749
14,92.33292294455963
14,91.7494469321257
14,86.62618281047556
14,89.52239666622079
14,89.8419138238718
14,92.57312920247809
14,90.47141828279898
15,88.48590274431679
15,92.87077447820991
15,93.16773080705961
15,93.84202598489767
15,86.92355746346695
15,91.10384653964974
15,89.56298783146678
15,91.34817377849271
15,90.16724101622609
15,86.3424870792566
16,89.60511026624346
16,88.23914112670238
16,88.93349495368754
16,89.25888087132716
16,85.55825992222081
16,87.42095338955056
16,89.15005699432848
16,88.95141885174395
16,88.25414680511415
16,88.30120926632111
17,89.11359147700296
17,89.05247916065548
17,87.04548621626033
17,90.78908593251008
17,89.64733556722886
17,88.56532903866696
17,84.74447430584131
17,88.89300982006613
17,88.39135439189252
17,88.27492988509603
18,89.74746180363215
18,88.77324867253176
18,91.20146562184956
18,89.95000979870224
18,87.76475451257215
18,85.60735366433876
18,85.29727621576988
18,86.95773658462717
18,91.82224947987554
18,87.34491401698014
19,89.15652593814531
19,89.64655925151163
19,89.81751432102841
19,89.6326170912096
19,90.52799377338752
19,89.68925410129302
19,83.32703794005289
19,87.08714887096257
19,89.29862734218422
19,90.54557508572361
20,90.21053227271041
20,88.1449418554617
20,90.17760009403426
20,87.14679795734905
20,86.4570931454688
20,90.03238802087404
20,88.58170061495277
20,88.59612402455414
20,87.16789063327332
20,91.16699713711765
21,89.66110466041354
21,91.53486945314387
21,86.98502278316315
21,88.55316763827122
21,83.73557831027361
21,86.96546555261966
21,86.35867446360194
21,87.58641698456758
21,89.68566179306762
21,87.92341158980442
22,87.44305578494817
22,85.32786369136512
22,90.35462826892112
22,90.46576355805752
22,87.69529446656489
22,91.48315817140765
22,90.01172649466217
22,89.34551197988365
22,87.89851163153348
22,85.71169506960118
23,88.87896691512125
23,89.05475655624457
23,85.96403844703283
23,89.2722169737616
23,89.33242555927909
23,87.35275643390688
23,88.09289028118283
23,87.42163370242977
23,89.09398929627046
23,88.45394281771696
24,90.71682956845358
24,89.27446374718718
24,89.61996673963468
24,88.0459858373178
24,88.46096217533109
24,86.2544670738763
24,89.36577741356034
24,90.81658898608454
24,89.61261080431225
24,89.11585322128882
25,87.64530214711596
25,89.48694455050237
25,89.47467918299394
25,86.48581508872839
25,88.43910730623242
25,87.12381773378756
25,89.64724087598258
25,87.43248915288122
25,86.28604805649822
25,90.466712553119
26,87.74835039938156
26,87.27984102213325
26,87.89926029258488
26,85.50367998179044
26,89.46048771780309
26,85.6795148967117
26,89.36118002015942
26,86.59643782415091
26,88.89817990109525
26,90.79080134917841
27,85.71540364277807
27,90.24608465782585
27,86.25923623517482
27,88.79206793253887
27,88.47043355309086
27,90.03328040292034
27,87.78875608893539
27,87.51166464547816
27,87.7422246216887
27,88.82715736899729
28,85.98788920637217
28,85.38557874916214
28,89.38007242327916
28,86.92175168735827
28,88.34720849076321
28,88.49510786919377
28,88.03192373271195
28,88.19340697581502
28,86.37082540945357
28,87.22490299291967
29,88.19220527881617
29,86.3419840882608
29,86.72804848308448
29,89.04022887794554
29,88.69526374520046
29,88.81453584680752
29,89.69558598823878
29,85.72285604483093
29,87.99706185154344
29,87.20238606088051
30,86.91376969064264
30,85.78274671841726
30,87.61264476937865
30,88.91604533053791
30,86.06080257924508
30,86.89821648170583
30,84.46915904843056
30,87.20806760424799
30,87.71372608313715
30,87.36098167885167
31,87.80093050827945
31,88.08545432007138
31,88.25420437552401
31,88.48059818531488
31,86.240154926082
31,85.0931932965319
31,86.4037319759609
31,87.83381645083566
31,85.83067489206938
31,87.5433648937768
32,88.58928284593769
32,87.20156512631696
32,88.54378757234564
32,90.26283990519048
32,87.15152259471755
32,88.87849140302939
32,85.99965462668179
32,86.38988709934553
32,88.48562557241728
32,84.18463954934037
33,86.73988660942726
33,86.84151568050407
33,88.87549792215256
33,87.45261953652995
33,88.2435911846179
33,88.59173049613567
33,84.23338837794421
33,86.18072765518728
33,84.7274822873826
33,86.27143005292345
34,85.98995548060955
34,87.4280462805072
34,88.88047317566482
34,84.79948385996404
34,87.28476825847608
34,87.8125489297538
34,86.22481979006537
34,89.88511211440402
34,86.74818270475254
34,87.64477179355161
35,88.3950765699579
35,87.35705389321535
35,86.65123117593842
35,87.3474052844663
35,85.39414618128853
35,87.06451779488006
35,89.05013300593716
35,84.29695889640271
35,88.38827508935937
35,87.30695362676823
36,88.89254081319403
36,85.08495998045488
36,87.79858875958352
36,87.08465958761533
36,86.4036110806615
36,87.12060862335267
36,87.02009106037923
36,87.35620733243084
36,86.1773918304928
36,85.56172517798458
37,86.24317742914388
37,86.89813132455008
37,85.4446090713039
37,84.81591863332527
37,87.67132790333194
37,86.13494510141241
37,84.43438378944073
37,88.31400256906903
37,87.01291007416711
37,86.27537137360608
38,86.11278746212886
38,86.3479223276778
38,86.2029962054056
38,85.05215714183635
38,87.01821171404023
38,86.4555743037435
38,85.82943824745438
38,86.29434916466508
38,86.86963641225697
38,87.6168635337866
39,86.43831587370926
39,85.17875539879918
39,86.4482890587916
39,85.19631885588844
39,89.03537035652627
39,85.11346059277861
39,85.32380640186187
39,86.5997468181061
39,86.42780534002304
39,86.63046629529705
40,85.5033672814736
40,88.7276413654007
40,86.45159729992835
40,86.1331936600662
40,87.99658508182999
40,85.13414127745399
40,85.73960344743105
40,87.52868885350263
40,88.65610551576847
40,87.1296648464606
41,86.73520756912355
41,87.14179611253401
41,85.55262254676671
41,86.01465748031262
41,87.86899926058283
41,85.5118223961859
41,85.72455995793962
41,87.2814950348209
41,84.81467140679612
41,88.32331803746861
42,85.72784378830605
42,86.43649149405671
42,83.78309981930721
42,86.11396754588944
42,86.89037207840285
42,87.09099822123359
42,86.25779363549961
42,87.66109193165518
42,86.31276781344354
42,84.31109598853448
43,86.36565960297577
43,86.08660769044806
43,84.2059318803004
43,85.86033889568337
43,84.83252031360804
43,84.88165239578203
43,85.32351088317144
43,84.62653029465413
43,83.80495076116716
43,88.11581825167066
44,87.31424359875528
44,85.2781011052538
44,85.53580592410891
44,85.81219036162192
44,85.46708536216049
44,85.52321117834137
44,85.48005470147257
44,84.67565697523113
44,86.11231569029971
44,87.24224235740292
45,85.91822786860347
45,84.27942342350698
45,85.72950063829214
45,85.47069173861634
45,85.09167769198987
45,85.64480122854098
45,84.94762070844921
45,85.83286004435779
45,86.50530497975889
45,84.66909007017267
46,87.64787656742068
46,85.28677897917578
46,86.90266298888967
46,86.60669756668547
46,85.60026077652981
46,85.52541313278601
46,84.55498261040296
46,85.97802634759717
46,88.10778275737718
46,85.96240051488772
47,85.71090945028097
47,85.93557920561365
47,84.57146701455702
47,86.43838486035152
47,83.74100231618597
47,86.33895571513555
47,83.94049851499025
47,84.37575946900402
47,84.49559632253559
47,85.82261206548021
48,85.88930840665972
48,84.52848903613294
48,86.60151045407486
48,85.46199219380625
48,87.20734153248016
48,85.73521074621227
48,85.66180194719585
48,84.44142140655599
48,86.7841958787841
48,85.71132403383017
49,84.83995699045148
49,85.92387863219267
49,85.84424481559194
49,84.56609726714818
49,86.04957107130456
49,84.09689663036616
49,86.9140351572893
49,83.96008575112012
49,85.07901325867313
49,84.73164754955802
50,85.8514919375783
50,86.43800228130796
50,84.14474094340721
50,85.58624227852555
50,86.70013085202494
50,85.47597931106203
50,83.2417608902806
50,84.13987761271923
50,85.66450179809082
50,84.63981734238043
51,86.1045197214301
51,82.10428998935498
51,84.1679353270252
51,84.40388414144854
51,86.82703972509242
51,84.22091292193038
51,85.366406316091
51,83.93372489513733
51,84.81715726121513
51,84.00394552323985
52,84.71167823902513
52,85.44417798602989
52,86.13942596001145
52,84.77018766458538
52,83.48996680487494
52,82.15352236377862
52,83.9370311787837
52,85.08237010881794
52,86.16622908223538
52,86.93271763876254
53,84.71556386104899
53,84.35553977577082
53,85.87335788843642
53,85.09456386153083
53,83.87716179110627
53,83.86169142832586
53,84.21267503534492
53,82.93360473489622
53,84.2906519387777
53,83.66101060121323
54,85.8327926813831
54,85.7818532138431
54,85.29406651798632
54,85.48217198472756
54,84.88280304407726
54,84.6685696854503
54,82.85055153590127
54,83.88595019373474
54,86.07253352575023
54,84.52900677333885
55,83.02552576981434
55,82.50414290811887
55,84.78895624167093
55,85.47074112157749
55,86.26811960315536
55,85.1618197663975
55,84.00603554390452
55,83.06710626934394
55,84.4909396664375
55,84.61290888935167
56,84.70067309583747
56,84.32346840370498
56,83.77523427278582
56,85.58636993991591
56,83.84675760166208
56,84.93094755393005
56,84.04300695910611
56,85.9460871457706
56,84.81943522953924
56,82.93350853545888
57,84.18338666536465
57,83.50844237649497
57,83.60724016256653
57,85.20193743144947
57,83.22720277130527
57,82.93968907264211
57,85.35500246324514
57,84.62973746209819
57,83.47358769886732
57,83.67390597968026
58,82.54245457817412
58,82.7579198524001
58,82.36185662070947
58,85.53663041779909
58,85.49265959228948
58,85.21238946021951
58,85.6680002015293
58,84.63402617541878
58,85.13249052031388
58,84.01443672321601
59,84.02771144264986
59,83.61377753652235
59,84.13155075629413
59,84.29805581741519
59,85.88032545238093
59,83.8435874962788
59,84.9939398260867
59,84.88281100929656
59,84.03870495721728
59,85.02572421603564
60,83.32333094336794
60,82.61419639103127
60,83.34117277749911
60,86.06954323466798
60,85.25672853507044
60,85.7681649530942
60,82.54150546641642
60,83.86404539703491
60,83.34777966659388
60,84.21654482957776
61,83.8268260582381
61,82.72664424263235
61,82.90006767611749
61,84.98645267318548
61,83.94147540899849
61,84.59899618847022
61,82.04886519786159
61,83.48805973272863
61,83.6901054655934
61,82.52100365648737
62,84.605366007004
62,82.79657886626828
62,83.24361313202351
62,85.06048604429355
62,83.8954228387703
62,84.2312221042235
62,83.82690552742397
62,82.69082632703204
62,83.13112918348367
62,84.12086107919781
63,82.98713445390915
63,83.75961361667656
63,84.779867660476
63,81.44144355505323
63,83.13807194611971
63,81.99286658940294
63,83.44109555843914
63,82.35654305677319
63,84.81038390348213
63,85.25147361722328
64,83.45565670674058
64,83.38425930339292
64,83.72572933217668
64,84.159839900791
64,83.47934852210818
64,83.52547587700727
64,82.54610867273146
64,83.03997955572542
64,83.76028582777833
64,83.13146060801971
65,84.38335399537505
65,83.75482328954584
65,81.95271248212337
65,83.80653945425865
65,84.11559765645048
65,82.66328410513215
65,81.59788116264836
65,83.14455661930293
65,82.02743136901088
65,83.80582854288559
66,84.210045171634
66,85.71813923844074
66,82.77242682145597
66,82.90462212768675
66,83.41385694598891
66,84.37863598375102
66,84.24085493585764
66,83.51113091062473
66,85.37437581782696
66,84.16936752509625
67,82.76334132810543
67,83.27615897608698
67,83.36571280257637
67,81.58869468401927
67,82.9030099858895
67,83.65146324428486
67,84.30578985210676
67,83.91919975394659
67,83.27450400777748
67,84.10467783139906
68,83.29153215508558
68,82.3980711654308
68,82.96044420711523
68,83.79075620989671
68,83.87918444755245
68,83.15924137409428
68,83.13084192565289
68,83.39951476456936
68,84.01469509510451
68,83.28081924496975
69,82.29694475853971
69,83.0219805327321
69,84.13037894662162
69,85.17147831609044
69,83.16143475012981
69,84.11351033898968
69,81.64682916179552
69,82.58054671693925
69,82.83925469711302
69,82.822543080859
70,82.2954004618578
70,83.51094345900495
70,82.9027139458625
70,82.25257340838856
70,83.5461812946806
70,81.6266072890642
70,83.82046613438912
70,84.26059474253707
70,82.61423826837945
70,83.71766405765983
71,82.41544527215785
71,82.00377167778677
71,80.18757401537935
71,84.13480111848159
71,84.95498554611726
71,81.96536174047564
71,82.20211847102603
71,82.30025694506978
71,83.82306188866843
71,83.62233663627919
72,82.25279828763183
72,83.75895469006703
72,81.28652704822377
72,83.20251881087721
72,84.13523012357433
72,83.06212692904447
72,83.93278917677114
72,82.41473330844813
72,82.24788475020338
72,82.55124219273819
73,82.54177524268226
73,82.9976612031496
73,82.88209443276568
73,82.25192204994495
73,81.9760993565009
73,82.02346236403703
73,82.64538736146561
73,84.43104030890186
73,82.02490069973688
73,82.99248056204559
74,85.0732785303431
74,81.8785548072365
74,84.01191144490016
74,81.69701624573959
74,82.48224577341612
74,79.97718380958736
74,83.22612931242284
74,83.71508652661068
74,82.7788734495127
74,83.24254543715132
75,82.2826536002209
75,82.20455541833738
75,82.33136162842179
75,82.95412282498515
75,81.6251452735454
75,82.26398319204229
75,82.86882315071891
75,83.87517700477743
75,83.41724240927859
75,81.35908973597378
76,82.54108772424456
76,81.7567951565431
76,82.40730834422186
76,83.7700558108146
76,82.204318027685
76,81.50685722901184
76,82.60574541270982
76,82.81245737476536
76,81.81642613731944
76,83.56366474919558
77,81.38600080256838
77,83.34364254256697
77,82.05401124349278
77,82.87636262995296
77,83.12948961632742
77,82.15894623343318
77,82.86979530726553
77,82.82682958287258
77,81.67308550735474
77,82.47697925413321
78,81.49942278651523
78,81.80092216435582
78,82.34480642344275
78,82.92451950202721
78,81.51122949488426
78,81.6736451401778
78,80.5228109735896
78,82.35149998485404
78,81.17335153736501
78,82.34674010310079
79,80.56061973783414
79,83.26321364352746
79,81.33728757654477
79,83.25472645522218
79,81.9916054972969
79,81.54310994149732
79,81.3783130379862
79,81.30119422471415
79,82.43209738435266
79,83.49660957928829
80,82.0846468750006
80,80.8620760448466
80,81.85620221959901
80,81.07477672790321
80,80.42868801551568
80,82.40116137092336
80,83.9690295306377
80,82.66471895347983
80,80.95384310842049
80,81.70186405262208
81,81.59142942447646
81,79.49836223472607
81,80.93199310218603
81,82.04778216345933
81,81.88217472492761
81,82.41045947145709
81,82.21275788228172
81,82.41705954975082
81,82.79581229319818
81,81.64518130542545
82,81.76385432537145
82,80.29680192420598
82,81.60269436490702
82,82.84125857579673
82,80.3297768585206
82,80.77807473754208
82,83.12452383390632
82,82.50848247190719
82,81.5806932212785
82,81.46190505571266
83,82.37044143474431
83,82.36144969629594
83,80.27059087069786
83,82.72289382036338
83,81.75499448072082
83,82.86277872919247
83,82.99138825486693
83,82.3718382279784
83,81.64337652167272
83,81.30007923141407
84,81.32701203557909
84,80.96806346869168
84,81.58121141779287
84,80.12038920641437
84,80.3266093172885
84,81.17586609301158
84,80.36634953772489
84,83.21502086073855
84,81.2827613366242
84,82.62173440121481
85,82.18030110400034
85,80.08894971275147
85,81.61176678948459
85,83.11236456977123
85,81.33888423138211
85,81.98971960342027
85,81.46281517900651
85,80.42687655670551
85,81.20977031187702
85,81.19816998215018
86,81.33498968095216
86,80.92048878025697
86,79.93688120027976
86,80.20997581681037
86,81.6150365142857
86,81.70366354194954
86,82.31371434163513
86,81.6264837222427
86,80.63621373594259
86,82.11010928596254
87,80.902716978736
87,80.37016882263313
87,79.32100776520883
87,81.32187578400966
87,81.96235744959276
87,79.87905311898349
87,81.28224072374638
87,80.27970128277292
87,81.54824149762312
87,82.02011467970677
88,78.86356173259111
88,81.7660226674117
88,79.90651510668516
88,82.46367782366501
88,82.73149387837063
88,81.17398836712553
88,81.37841710017405
88,81.98035150780298
88,80.86630596698714
88,82.04171742385466
89,81.43587719830866
89,80.2298395735848
89,80.28201334759251
89,80.57430093615046
89,79.28625686407374
89,79.63527501458718
89,80.1520473591063
89,81.67536977196647
89,80.52927417616151
89,81.08724730235475
90,80.77341208258102
90,80.34500287654555
90,80.76967821594859
90,79.59043895453344
90,79.05162421980548
90,81.56313632249675
90,80.31686386169736
90,79.2110629187208
90,81.6074895741239
90,80.54273003990535
91,81.01320056116063
91,80.51426557332016
91,80.91146299722564
91,80.75806073835162
91,78.4966875827385
91,79.06649017923435
91,80.93576293130839
91,80.61383314748622
91,79.29426670436892
91,80.91643784407556
92,80.17881330147043
92,79.36964229389582
92,80.83601242375332
92,80.49071888991041
92,81.58372591057808
92,80.579917558561
92,81.20565803531508
92,80.96199613463608
92,80.25450306541283
92,81.69083276852163
93,80.47969650255101
93,80.37383084623583
93,79.5880042767797
93,79.94941573421598
93,80.0602837474385
93,79.52601141680589
93,81.04735508104082
93,80.20306529464396
93,80.0998265619221
93,79.40771584339801
94,80.46791778824834
94,79.91927745608264
94,81.11824420162887
94,80.26469148812966
94,80.68524203879974
94,81.26045931744005
94,79.46754696016696
94,79.0263442284379
94,80.64295943569586
94,80.80770268567747
95,79.04856463460132
95,80.73331562628545
95,81.08551692863043
95,79.47010639403304
95,81.23982835174004
95,80.05091112752278
95,80.97754598038847
95,80.2875334133326
95,79.19451852582361
95,80.17516322947615
96,79.04236850835514
96,80.51133303924294
96,81.26916466021791
96,79.00538532865724
96,78.89476375996284
96,81.21038713773042
96,80.50028709083863
96,80.72190977576005
96,80.92061371106301
96,80.66331281933844
97,79.53267191227594
97,78.66758819967855
97,80.17326496119664
97,79.63504103310501
97,79.61717393448625
97,81.14558318468677
97,79.52416819683744
97,81.06161994771412
97,79.15194715984788
97,81.69163215860448
98,79.30202485857828
98,79.88279038562193
98,78.5245419331717
98,79.57481833435297
98,81.30449023381586
98,80.1425969865078
98,79.54852089005064
98,80.75018382804602
98,80.65619291124759
98,79.99765720598691
99,79.07944870016259
99,78.7266786495566
99,79.05146480434777
99,79.58691340943038
99,79.13493069409661
99,80.97424923747668
99,79.43948961629424
99,80.22339331468888
100,80.11693391109601
100,79.46714728192462
100,80.26326349961431
100,80.95372206293361
100,80.31057492014583
100,80.14303324011483
100,80.20897489090083
100,79.00792388094398
100,79.60130637724282
100,80.08671481698364
101,79.21871903993436
101,80.15796608067673
101,79.10098515311452
101,78.74086046879141
101,80.61353016623438
101,79.65371544198464
101,79.14782097208045
101,79.85802408241955
101,80.25853285895157
101,79.49735413345276
102,79.50454019338768
102,80.03910371085833
102,79.96618834475684
102,79.10751327778195
102,79.03666698168786
102,79.34082240392706
102,78.2324951348983
102,79.31701013388948
102,79.47946699059692
102,79.74983664359756
103,79.70463632361195
103,79.92825603875336
103,78.90388960596523
103,79.6428320510653
103,80.12220119643966
103,77.9930028430901
103,80.20429686001424
103,78.81346300291524
103,80.09751113888403
103,79.01347058075761
104,80.67596346420561
104,79.05327784173012
104,79.01018221734367
104,78.68937393170233
104,78.58610144714478
104,79.54727240660338
104,79.23626165881166
104,78.34810836959842
104,78.77015746285798
104,79.41858399409494
105,79.02208421657902
105,79.60223224900305
105,78.60493492576003
105,79.63153476083623
105,77.97052615197163
105,77.38589149222705
105,79.06104745555879
105,80.51709845137034
105,77.86866545888273
105,80.16510525953942
106,80.64610010711823
106,78.44805711808762
106,78.90765862182357
106,78.19825302558965
106,79.25153894383412
106,78.77264925576341
106,78.80380696757678
106,79.26414219962993
106,79.09445394465384
106,78.77942319582071
107,80.02386523793731
107,78.87018698965261
107,78.07931080771165
107,78.23778480295024
107,79.29553694854572
107,78.93475095920904
107,78.86807880742467
107,79.40839605692256
107,78.57939069069755
107,78.35589159706956
108,78.07316779779852
108,78.40935628541027
108,78.72899108589489
108,79.1650028629475
108,77.37215256632761
108,77.60647623023942
108,77.88501636163055
108,80.10491590995854
108,80.16227304148266
108,77.85074522649383
109,77.44882812552552
109,77.81621856793092
109,79.09261837037762
109,79.02052042786806
109,78.67672708228662
109,80.34810243571727
109,79.32742312449682
109,77.27879487005848
109,78.30046522934964
109,78.29496254184922
110,77.90697742090892
110,78.1642107550523
110,79.44692766101761
110,76.75030689379898
110,78.96704839255965
110,78.23942287707403
110,76.98971123471536
110,77.67391092106611
110,79.16213561166192
110,79.01004043969616
111,77.7706777303436
111,77.68560780578667
111,78.31137720691899
111,77.87722006173608
111,79.18802537380193
111,79.61759439634945
111,79.0368892967527
111,80.41420924105273
111,78.07030456314334
111,78.02248190649591
112,78.76584882494183
112,78.67911437817855
112,79.01908419143793
112,78.35894596536195
112,77.3962545615219
112,77.91610874007749
112,78.50273526965655
112,77.7341118636362
112,77.88746679868679
112,77.60661142523544
113,77.26827298688094
113,78.81538975056485
113,77.83302200425854
113,78.23870367269967
113,78.01461884773282
113,77.66435585394255
113,78.4345248503356
113,77.34074190476986
113,78.14458967692917
113,77.16553804307861
114,78.71610605095842
114,77.85946721134869
114,79.70278930720363
114,78.49318323105412
114,78.03379873321946
114,77.4513661522726
114,78.42945800974832
114,77.50681942015511
114,78.39729068005498
114,77.44402422490376
115,77.15551830376326
115,77.19096024910219
115,78.35799710512464
115,77.56377785701714
115,78.65279407174495
115,78.89321487482843
115,77.0690579971253
115,77.4764841093065
115,77.87277019627345
115,77.3295850756768
116,78.0872969881454
116,78.94873944822255
116,77.81134710100814
116,77.6372167855916
116,77.28539817205207
116,78.86788493045658
116,77.12014260774467
116,79.1376462134015
116,78.76752874290234
116,77.70066305883434
117,77.83855937812298
117,77.11174586538714
117,76.80774597261649
117,76.71597175144109
117,77.5137192915385
117,78.06013540089955
117,76.86239044963173
117,76.5537312229278
117,76.42978181606448
117,77.69362781550011
118,76.31523757055632
118,76.48833361209219
118,77.49090760511241
118,77.73950098689656
118,78.71913290519599
118,78.03878603103173
118,78.86955934252794
118,78.37243528704178
118,77.0631814074344
118,78.09256788248254
119,76.60692833403408
119,77.2136065206856
119,77.29791884936004
119,77.28635656137956
119,76.48529394660574
119,77.88334039998962
119,78.16662647508458
119,78.28898910552766
119,77.59311757108917
119,77.33259956646047
120,76.82859456973897
120,77.38065750513125
120,76.35113617536061
120,78.2411282711708
120,76.72287798034314
120,77.39742884039777
120,77.87222625523519
120,78.59089607193694
120,77.34439355386704
120,78.21308217574861
121,77.4221125625018
121,77.08870712245086
121,77.90234928909987
121,77.71651658856482
121,76.7934335095672
121,77.38208471952329
121,77.8057424997955
121,77.15479969796912
121,78.58977535714385
121,76.80119470203056
122,77.87286027674043
122,78.18448451753738
122,77.64361267489762
122,77.72038206472385
122,77.4100550433843
122,77.66870984443321
122,76.77913777842438
122,77.32665311957298
122,76.84558667947805
122,77.40634343669907
123,75.88608982421817
123,77.53018210733335
123,76.95287651732639
123,77.1633718296136
123,76.45277814615213
123,78.47027401868696
123,78.1411911785248
123,76.81936531748067
123,77.84477574955322
123,76.39482985587415
124,77.46118081774573
124,76.58443287134499
124,76.97617620137291
124,76.01457927300517
124,78.29293882880961
124,78.10822191674053
124,77.0170882965187
124,75.93944614079197
124,77.3321581846259
124,76.4722492328696
125,78.38298894983187
125,77.52208029526871
125,78.52332730249937
125,77.10886444550604
125,76.93734846582558
125,76.3334263445617
125,76.5167918986515
125,78.19487638538433
125,78.95109752220479
125,76.63458112956256
126,76.42846776604124
126,77.02450149587543
126,78.04968078005368
126,76.1508174546775
126,76.02641928366548
126,78.40142958397776
126,77.04248184297559
126,76.94966570671265
126,77.8448002627682
126,76.23141310202301
127,75.95554422908268
127,77.25716126103389
127,76.95731207051053
127,76.33454111431547
127,76.67777188395438
127,76.72215521115616
127,75.78972899081172
127,76.66689850809608
127,76.09151882331899
127,76.07688029475338
128,76.77439964158584
128,77.29925245100384
128,76.18165908719878
128,76.10153853011727
128,77.95452746035431
128,77.06475386070079
128,77.63043910103245
128,77.1456868454625
128,76.52269949887778
128,76.55662409084289
129,75.36178082511533
129,77.62513508469075
129,76.42483247729595
129,77.19322625074274
129,77.78184027984796
129,76.6646110383678
129,76.87438182033122
129,75.52116012884414
129,76.58486503045204
129,76.47762387659338
130,76.42306283486133
130,77.35518660305533
130,77.57605473446053
130,76.3593706388518
130,76.18532156697893
130,76.07075295393307
130,76.51400642168365
130,75.73555744654213
130,75.86842007094793
130,77.27395768500627
131,77.13594440706129
131,77.56386557694178
131,76.96101684858515
131,75.97329325604792
131,76.14781363992812
131,75.06535090331002
131,76.53424610795136
131,76.55136395078192
131,76.80872492149959
131,76.08303214811903
132,76.18454110674864
132,76.21541200350353
132,76.17420936559995
132,77.0870721261128
132,76.75662227926068
132,77.13673183431263
132,75.86705809476408
132,76.19627673598387
132,76.57292825644451
132,77.0223889848711
133,77.19214582043985
133,76.05403029381598
133,76.37047821556898
133,76.0636369430295
133,76.39286174725677
133,76.8570890404437
133,77.07286894748948
133,77.15201844021135
133,75.5669668026581
133,76.26363306070209
134,76.35009492783665
134,75.45187290343492
134,75.7912214069145
134,76.9805468127224
134,75.38984584410771
134,76.04056433910242
134,76.26214511326597
134,76.71419676939259
134,75.61431654465893
134,76.52088763407751
135,75.63586107010349
135,75.43896658998788
135,76.18423126836232
135,74.73868972186756
135,76.47841139922907
135,76.55336293843051
135,75.20783803851072
135,76.80581922071427
135,76.35144150759302
135,75.52799353020696
136,76.3737669061004
136,75.03688521930086
136,75.25657938532305
136,75.95529219833634
136,76.30553753160942
136,74.245828112594
136,75.13613925044523
136,76.2078326598019
136,75.76576894968751
136,75.42173312858436
137,76.13597459456481
137,75.18594969083786
137,76.5976784863854
137,75.72845552676839
137,75.73643438229196
137,75.42787056845259
137,77.72938087255771
137,75.59440874263728
137,75.77332576032944
137,75.53215427927117
138,75.35063420930828
138,74.64586207406961
138,75.86660105888416
138,75.67474013759453
138,75.04594248087074
138,76.91859350146771
138,74.96385612261682
138,74.6374088269304
138,74.70579457356746
138,75.42539722144768
139,75.19333126579274
139,76.0229099073847
139,75.48439083149677
139,75.03414708354066
139,75.57278928781759
139,74.86174690320338
139,74.97606771844465
139,75.71474101423225
139,75.93005917988187
139,74.71882430552145
140,74.74523550885459
140,76.88130234973377
140,75.7792297535917
140,75.51046594897161
140,76.24600947838941
140,75.68277629248843
140,76.33429618551229
140,74.45143819255554
140,76.75528962135958
140,75.3471803792129
141,74.57538041206178
141,76.4097287519337
141,75.39709432147428
141,76.17538304185672
141,74.65707865525587
141,75.88953229336117
141,74.64036327111353
141,74.99569482362078
141,75.88060680789249
141,75.5600962744776
142,74.80683280459787
142,75.29012863385124
142,76.03698255975785
142,75.56004918494858
142,74.27319437253337
142,75.8887822636706
142,75.77105437324553
142,76.20404011758484
142,74.39256510259649
142,75.20731922288013
143,75.54847276372753
143,74.71842791657018
143,75.94597795516106
143,76.47716193553372
143,75.08892719698265
143,76.10395618023794
143,74.8404551008826
143,76.25603504755152
143,74.8388758143614
143,75.14680476960429
144,75.24155366278596
144,75.7987374357734
144,74.08835162663586
144,74.34792400594696
144,76.26247314735343
144,74.43637295866884
144,75.4458362444954
144,75.4588026512007
144,75.56356542698907
144,74.89417524882184
145,74.12739696415701
145,74.65588050537575
145,76.60568509912392
145,75.18733316871665
145,75.97382309913723
145,74.25439239490579
145,74.47728818924418
145,73.86685331821745
145,74.5445462820275
145,75.08342418141252
146,74.36898776644605
146,73.4155519712936
146,73.99589509372998
146,73.95083600817875
146,73.97631819095703
146,73.620018912045
146,74.83801257968824
146,75.16288227653516
146,75.54158657950721
146,76.01822773182192
147,75.54986757046089
147,74.96337891932788
147,75.05043120631618
147,76.21365168360259
147,74.46276229583717
147,74.95396115371176
147,73.6970450660583
147,74.90821816906733
147,74.83862889806325
147,74.35504115906511
148,74.80735610504124
148,74.04363144515142
148,74.1020693760196
148,74.64404009026396
148,74.93291122199346
148,75.83401135011671
148,75.34537698140879
148,73.73924274297686
148,74.10903519176746
148,75.461811745889
149,75.09262467100513
149,73.18254227151078
149,73.6726255367309
149,76.15564657291411
149,74.66798873244946
149,75.26828555153119
149,75.24134651843593
149,74.53030998236237
149,75.5027613640098
149,75.57850023693784
150,74.20448658901509
150,73.74208761245426
150,75.11687696510833
150,74.8575403989509
150,73.79166717325866
150,74.91264881801554
150,74.74705597000145
150,74.6369599348711
150,75.19916530153054
150,75.15724112565636
151,74.58940461818631
151,74.00187787925043
151,74.13173513108956
151,76.05037135830814
151,74.49191050373123
151,75.12959168275238
151,74.54020604184744
151,74.22986634448411
151,74.73535032573912
151,74.08732534056817
152,74.1763667442057
152,74.43209907920829
152,74.00086613854768
152,74.07678067819887
152,74.01719814113639
152,73.90283269452107
152,74.42659904327517
152,73.62830609918753
152,75.17412360619852
152,74.27535329453028
153,74.67692489126453
153,74.81641847548902
153,73.85515496188756
153,73.80978486143587
153,72.60106587492467
153,75.7611187903463
153,73.96640602856887
153,74.2466407187229
153,74.14297492472942
153,74.66683297935705
154,73.41281960394541
154,74.04459568148637
154,73.9694262047668
154,74.27048543372118
154,74.25782430200843
154,75.21925738822759
154,75.06637817797558
154,73.85377954505438
154,75.84171837572998
154,73.70898158361628
155,74.33666502345247
155,74.13226461489347
155,73.64069516436757
155,73.63784820608024
155,75.07955812446535
155,74.62138253404427
155,74.2399288292121
155,73.80403204917062
155,72.91778312396586
155,74.9355026150301
156,73.54358871476634
156,75.0526164528168
156,72.9331717835137
156,73.64738239703598
156,75.12619751233484
156,74.12266998504585
156,73.9806568268586
156,72.71126448840857
156,73.41494954519567
156,74.0821340293928
157,73.69421151559038
157,74.6157630703514
157,73.59428561403976
157,75.09727292332214
157,74.7117245919285
157,74.02886839931159
157,74.08225247472205
157,73.50476370288929
157,73.93045870013502
157,74.08691874642692
158,74.82517407843676
158,74.32123897742791
158,74.20964700533776
158,73.57370160525574
158,74.20856523427553
158,74.27444747920259
158,73.32862831646415
158,73.83950416848958
158,73.54789470838861
158,73.15225229558258
159,74.5971772912208
159,73.14698040464675
159,72.83244036571763
159,74.743182874839
159,73.88326835278963
159,73.7926436814915
159,74.34616359367098
159,74.5064794538012
159,73.63217656977858
159,72.55416998111565
160,73.29081451616106
160,74.04471057535442
160,73.90413020959286
160,74.15283297147025
160,72.79989393233059
160,74.29190118308895
160,72.82922392298997
160,74.92935278687474
160,72.96324420343882
160,74.1990680855395
161,73.53508223479056
161,73.68355679259618
161,72.67786609151118
161,74.39909334434763
161,73.9579396577049
161,73.08363501571019
161,72.94105850925648
161,73.12348957161493
161,73.80161116215949
161,73.89998381784797
162,72.70814105593077
162,73.29875329289459
162,74.05280148822055
162,74.09170500599038
162,73.24028387298046
162,72.2127347540137
162,72.8920670480932
162,73.54513814128836
162,73.76001846674836
162,73.9400672091389
163,73.9617350562657
163,73.87964751582373
163,73.4682218887994
163,73.52339714400597
163,72.13010822151017
163,72.96088518373321
163,73.27802392971256
163,72.97236026910117
163,73.03568102785884
163,73.88366567262186
164,73.06344425017373
164,72.93846239996432
164,73.0429325017933
164,72.74069447073953
164,74.64895518801868
164,72.930482544175
164,72.30951270195337
164,73.01990701870965
164,74.51930204559743
164,73.5185546396957
165,72.79083070839636
165,71.54781485502009
165,74.0344389587069
165,73.51665776329659
165,71.96744942970227
165,72.61991856105968
165,72.85609915259728
165,72.56603745384359
165,71.93000644479496
165,72.4773854385327
166,71.0897472432881
166,73.14432148072291
166,73.37572742306574
166,72.03971917291265
166,73.81686980881412
166,73.13959949165213
166,73.44687921258082
166,72.26086917032069
166,72.89603269588105
166,73.849219552046
167,73.84215304461812
167,73.60768458360855
167,73.87617292625563
167,71.74018305220002
167,72.26143644720861
167,72.76629707242722
167,73.83595525110185
167,73.50559596265359
167,72.24241669824157
167,73.22792189358923
168,71.80875898833884
168,72.15727676701442
168,72.07708706798809
168,73.24009775147799
168,72.29587912497182
168,72.97243503744417
168,72.1175849781545
168,74.02194423462115
168,72.784800865247
168,72.56548802860976
169,72.5467045591449
169,72.6707878962278
169,73.00746137741704
169,73.64390485835732
169,72.72879796171154
169,71.35927545262477
169,71.75165549769433
169,73.59236686086649
169,72.76384463375881
169,72.14165680272163
170,71.86297195587764
170,74.03187131156585
170,73.51513596420952
170,72.82463865336099
170,73.04337632151788
170,72.30580218059201
170,72.02631444681296
170,72.73404960486259
170,72.27647721892183
170,72.89752036796077
171,72.45525162516327
171,71.67966647986374
171,72.27849125845117
171,72.02613585238312
171,72.79766611333545
171,72.19026656776461
171,72.60982094303296
171,73.41403218837223
171,72.23837255603304
171,72.38480937653749
172,71.68083101977788
172,73.21735126456731
172,73.65711457649226
172,73.13301948245518
172,72.70156883933116
172,72.39723557284576
172,72.22560908766894
172,72.48080121242192
172,71.22265226026221
172,71.7045048959121
173,71.8818966141918
173,72.7038776428651
173,72.67642676418656
173,72.17445400207805
173,72.39145956696753
173,71.0658876349978
173,72.49665011394939
173,73.08953624525142
173,71.45298536609054
173,73.14116065111287
174,72.0402225220481
174,72.6042238685473
174,72.02523808762076
174,72.48517677566375
174,71.88033847303124
174,71.82141419102992
174,72.59725377007221
174,71.5012808601621
174,72.78044484329673
174,72.60415737248329
175,72.2086333115698
175,72.0764098883716
175,71.62323849250119
175,72.40661713895237
175,72.88970834565563
175,72.51675090226087
175,72.41694177528616
175,71.27913812300446
175,72.7233440629732
175,71.2169540715064
176,71.70931239052966
176,72.25042087415329
176,72.30537626126586
176,71.72223503200902
176,72.6825791597705
176,71.50540326149856
176,72.04363340424744
176,71.76761516979172
176,72.47245006239481
176,70.86769390729121
177,72.52163390189239
177,70.769283366815
177,70.76207283976899
177,71.31248192617562
177,71.29106227900401
177,71.92405147405586
177,69.87647943738288
177,71.83546497332782
177,71.5967917807396
177,71.569281625825
178,71.80085606984207
178,72.08089485743268
178,71.01121074768953
178,73.55559717635025
178,71.13439816348883
178,71.77136833956483
178,71.74124798243581
178,71.63106123122542
178,71.55561050853113
178,71.50051544285901
179,71.1062450455411
179,71.76074431951214
179,72.64697442041489
179,70.6081407380096
179,70.91175884860435
179,72.63538868870344
179,71.30627331922815
179,71.29148802580299
179,71.81824092421493
179,72.30733265084748
180,71.00510922820571
180,70.01734444098153
180,72.60119789922422
180,71.53211546712403
180,72.28893609294012
180,71.00488132285679
180,72.94783495624276
180,71.03988018389357
180,71.17160359075086
180,71.01857206270928
181,71.4675010676194
181,72.32279657229476
181,70.51441575425157
181,72.18618296083957
181,70.92378630398352
181,72.31927799172338
181,70.97473706966596
181,72.26883444581088
181,71.96089439612498
181,71.03251014586212
182,71.483446200679
182,71.45230683031167
182,71.58391315938258
182,71.4675886325362
182,71.03416144163216
182,70.60635741337218
182,72.25219498010694
182,70.51888426173804
182,71.02776587721773
182,72.91870020939677
183,71.36874446636216
183,71.51374110810266
183,70.77124306937945
183,71.31549042037251
183,70.79548912847523
183,71.52113436022404
183,71.37460101697324
183,71.06448825924166
183,71.44187783829345
183,70.86457884075091
184,69.37380471852597
184,70.80403962614102
184,70.78849449376527
184,72.0314570118429
184,70.28844106928756
184,71.1649208697678
184,70.87603754553405
184,71.67603397421318
184,70.94600206070845
184,70.93477767738196
185,69.89907875402193
185,71.56114931550977
185,71.66201519260622
185,71.85971357663972
185,70.53106250428878
185,70.77750951726071
185,70.18526064977705
185,70.74976897770013
185,71.0742133567824
185,70.5333103360286
186,70.71587270310287
186,70.78458409385348
186,71.46750545581747
186,70.96970958686458
186,72.61885930115248
186,69.83700012759174
186,70.2564459382884
186,70.91267865872078
186,72.18353472785216
186,70.81850085422761
187,70.28431073396197
187,70.32850995675905
187,70.88883476641641
187,72.35050256607035
187,71.11228035237302
187,71.06116334114571
187,70.8783307584925
187,69.64794001217395
187,69.79372888919985
187,70.98051325963895
188,72.30557600669447
188,70.42508165679942
188,71.4426246757854
188,69.88908347740322
188,70.9429642951873
188,70.35749780509589
188,69.7256334388499
188,70.9974473281902
188,70.56957604468612
188,71.50104850234379
189,70.35156336461253
189,72.22154343698176
189,70.25780183380363
189,71.75666400203392
189,70.94783772833046
189,71.0991667601472
189,70.96189510024692
189,71.82173889477832
189,70.77809794102569
189,69.89380605969421
190,69.69603453141798
190,70.0802935568252
190,70.47679935233678
190,70.16451297138937
190,70.97988023871453
190,70.81761858228217
190,69.82567691357642
190,70.55252812285008
190,69.34352772769002
190,71.01135215625159
191,70.5479849273335
191,71.09584803040254
191,70.65770205863672
191,70.10747245595485
191,69.23742480588466
191,69.58574120031825
191,71.11155753346641
191,69.88721411713883
191,71.10625278947029
191,70.04530627521058
192,71.25584302398188
192,70.42714944477771
192,70.30697824816038
192,69.68501584069493
192,70.66219193819973
192,70.7768129136838
192,70.80482564600122
192,70.22138091987568
192,70.36437690526989
192,70.71014174275523
193,70.92644647536501
193,71.3121628224407
193,69.39309742346722
193,70.4041429392803
193,69.33208935105404
193,69.83222178483081
193,71.33869895379998
193,70.27316407898445
193,70.72376973940744
193,69.82058261618808
194,70.05267428525164
194,71.59522764310789
194,70.10739244659658
194,70.34598681143027
194,70.43989184100002
194,70.23892891202736
194,70.67514028347072
194,70.18179525823462
194,70.36751595503367
194,69.68623401062509
195,70.98636912147259
195,70.5287792371269
195,71.60513637877673
195,70.28532885320084
195,69.56765708149129
195,70.70691927956139
195,70.91286434068222
195,69.6310158313941
195,69.73848649504637
195,70.74271872154002
196,70.01411402219587
196,71.41427120806027
196,69.94936325560334
196,70.89455042630776
196,69.76921267625139
196,70.6651850991582
196,70.20870121945843
196,70.12181830803226
196,70.96079304897951
196,70.15893116723984
197,69.52753845798276
197,69.40928151092524
197,70.26858214001929
197,69.55760515778688
197,70.25922107977031
197,70.46560188241804
197,69.45603171292973
197,70.62529696603708
197,68.55409433764136
197,70.00140641706984
198,69.91990266993606
198,71.207048145962
198,69.38578323617355
198,69.2427749165135
198,71.85172473914625
198,70.71975879210541
198,70.06636933491718
198,70.91881252251883
198,69.48443501520383
198,69.62993861012181
199,70.78800415865248
199,70.23506222393588
199,70.30190566917189
199,70.87139038911646
199,70.42607248427517
199,70.00155838672072
199,70.79630883872525
199,70.26808051670234
199,69.73303549511985
199,70.55243080250237
200,70.1142950939986
200,69.93531085592366
200,70.32387668215955
200,69.92880583762577
200,70.06392697009692
200,68.93248894817724
200,70.16617199277898
200,68.16308180111052
200,69.80299463628023
200,69.33021121388786
201,69.66087692654959
201,70.48929793604188
201,70.77324321337309
201,69.78456018533925
201,68.85289123948839
201,69.9660418439524
201,70.61878770038352
201,70.50261821480194
201,69.78959744959099
201,69.18703003032537
202,69.90405791733187
202,69.00418756824573
202,70.21226401633675
202,69.76453848982173
202,69.3606997984651
202,69.03923067299189
202,70.07316491163445
202,69.23395356667011
202,69.42896938863467
202,69.86890316287557
203,69.35002478599978
203,68.50047914476083
203,71.32934357082334
203,69.77508928229284
203,69.1106153769916
203,68.78713121619712
203,69.17699622140347
203,68.81695574775843
203,69.93294322652139
203,67.96102476662237
204,68.68282294566622
204,69.56976039819361
204,69.98437562974654
204,69.08283363430033
204,67.49907180073674
204,68.4404366584056
204,69.66710100363159
204,69.16279602644295
204,69.21754062578464
204,68.8799987403312
205,69.12184891970892
205,70.10372693561419
205,68.72842887925628
205,69.41659566358133
205,69.2086329242203
205,69.85071783498331
205,69.1170490592831
205,69.23746884092908
205,68.57915147760801
205,69.32281176700886
206,68.69511135417781
206,69.48375853021042
206,70.71823887753051
206,68.75485494255186
206,68.94256522126777
206,68.8213252583999
206,69.31143645558747
206,69.84577188455894
206,69.72616469495115
206,69.01384244638712
207,69.46902610054626
207,68.92750909666596
207,69.54713329153044
207,68.330223728113
207,69.26914814757367
207,69.2502523722532
207,69.51122482238297
207,68.89473497258344
207,68.04293349265365
207,70.1669302791498
208,68.84054001934636
208,70.03744920890959
208,68.34541799193958
208,69.11374555171584
208,68.84017213462094
208,69.24774726921824
208,68.5144243988841
208,69.39120646701281
208,68.4388477762879
208,68.10093930922243
209,69.73988987726261
209,69.1586826013897
209,68.41637082737799
209,68.28140668311131
209,69.09664374050719
209,68.58702270607479
209,68.50205663365122
209,69.40020791853348
209,68.42764375891284
209,68.05787739845914
210,68.2798837850349
210,68.60268058256838
210,68.54142237378747
210,67.57078584270758
210,69.27883003245942
210,68.42335616563274
210,69.76052002754798
210,68.59803227610325
210,68.24782526553751
210,68.51998216865134
211,70.10275050908409
211,69.34358059253442
211,69.28112148167276
211,68.31961819204686
211,67.7803707627355
211,68.75368499881813
211,69.6203244011717
211,67.92377950442476
211,68.98006011792731
211,67.91007159953335
212,69.09536183976157
212,69.405577200962
212,69.38966169003892
212,68.04334948118742
212,68.6885017314311
212,68.86952005951092
212,68.19924754651177
212,67.93105749132953
212,69.39567397110599
212,68.78839568150728
213,68.29164602822982
213,69.84052669704374
213,68.2408419358956
213,68.92227636681511
213,67.85322355377606
213,67.98876299019662
213,67.51913409873687
213,68.71261720209282
213,67.63919959194904
213,68.04617189632471
214,68.54979555104268
214,68.87545897811324
214,67.60091257992043
214,68.78549618191131
214,67.9550371285787
214,68.17480927579298
214,68.8815018316005
214,67.98561863915008
214,68.86235134151677
214,68.96439072112105
215,68.43364410698825
215,68.76715852583722
215,68.9191554148142
215,67.58244028469392
215,67.87564828432579
215,67.48322652657767
215,68.47244350022457
215,68.51892180061776
215,68.25219066228794
215,67.54621360634209
216,69.14866238727592
216,69.1716835334859
216,67.8648035323871
216,68.02630389067176
216,68.23145956698123
216,68.70393723844596
216,69.07310324419983
216,68.8618067640315
216,68.27316388723918
216,67.52578316759826
217,68.68901723126531
217,68.83678075909533
217,68.32386765683448
217,67.80400852607282
217,68.23869070625032
217,68.02363407878835
217,68.28706065560213
217,67.99025333395412
217,68.66834659232077
217,69.52743066097582
218,67.98662485441393
218,67.50240275664908
218,69.42893957976713
218,67.78605196174836
218,68.3090868696705
218,67.72655394062058
218,68.09099847501945
218,66.28680396361023
218,68.0642541887109
218,67.91094779701834
219,68.4558916507357
219,68.74973890825632
219,68.40204491563905
219,68.06158608650551
219,69.13532402276832
219,67.54583695049014
222,66.87678443225768
222,66.99889149051337
222,68.4988464488454
222,67.49301183402704
222,68.14418830129661
222,68.40552633179172
222,67.5273528771519
222,68.46513638615893
222,68.69651255455283
222,67.12798340197834
223,68.01618397270927
223,69.36978698256542
223,66.1580277087922
223,67.87623971634018
223,67.99311866771217
223,67.86260312771607
223,67.65498031284314
223,68.33335831047542
223,67.72579356242994
223,66.47426001258742
224,67.87657057844731
224,67.61403937088483
224,67.01642806506804
224,67.25139198170129
224,67.91896247624487
224,67.32811606430633
224,67.27836218068171
224,67.62806458803176
224,66.46010816885838
224,68.0771029460158
225,68.0239920901154
225,68.27923593009032
225,67.90148387161096
225,68.25471920754143
225,67.60409505609043
225,66.95347834147675
225,66.63567622040674
225,68.28404588078064
225,67.15221347354039
225,68.52125431117875
226,67.96200428350473
226,67.23577579688661
226,67.22541177273348
226,66.0570804829697
226,68.09344529288882
226,67.70980276182479
226,67.15870873517808
226,68.0044389004549
226,66.69070990279569
226,66.86572996410725
227,67.72853716201452
227,67.32325858281828
227,68.34031794431517
227,68.59649885316718
227,66.73253733467477
227,67.40468187351296
227,65.75389011007927
227,67.24740479379153
227,67.59591029653907
227,68.01696245867927
228,68.39512935874032
228,67.30903124673509
228,66.89376089574073
228,67.76574637603466
228,67.48189095469834
228,66.7965378286443
228,66.92103868329494
228,67.44904219991183
228,66.5946003385158
228,67.49305299826032
229,66.9403400586807
229,67.31808716809398
229,67.44525972272413
229,66.75211937769474
229,66.88462528530074
229,66.83075465316199
229,66.79785184521405
229,67.54379411090133
229,66.4528969156623
229,66.91762765046484
230,66.70189196492161
230,66.06753675148428
230,66.97924250992374
230,67.12966538714826
230,66.17340037266575
230,66.58196596899725
230,67.15379532125225
230,67.10760853860039
230,65.84205889212733
230,67.05952135252407
231,67.33565253506755
231,67.0749760130376
231,65.84522641829086
231,67.19346869734919
231,67.27386805955781
231,67.32651294216055
231,66.80949106431221
231,67.46168062538797
231,67.37391133431055
231,67.06364020309118
232,66.67671696828947
232,66.11334878703224
232,66.6751032080659
232,67.6146168595399
232,66.16318258467734
232,67.00271185494348
232,65.87637902370685
232,67.05693155643583
232,66.0324988658322
232,66.666492977341
233,67.04161463296691
233,66.18801775372538
233,66.83036753287263
233,65.7619296065764
233,67.39584050885587
233,65.99847452551296
233,67.8960803497787
233,66.67952313377498
233,65.99169260217279
233,67.47814054141027
234,66.25185763206153
234,65.98366787420676
234,66.1523008037506
234,67.48397196217282
234,67.31479703985396
234,65.58519465832498
234,66.5289983525467
234,65.80234906076001
234,66.65273926247873
234,65.76057220492496
235,66.34809421869582
235,66.48577603345925
235,67.50874781939198
235,67.1184956022272
235,65.396430063578
235,65.95971764785975
235,66.74300435826868
235,66.74187946622078
235,65.85363722476542
235,66.90117441009123
236,66.65092515994408
236,66.75320312196087
236,66.67295827580739
236,66.30073024968961
236,66.74949384658845
236,65.941163994591
236,65.55925722005243
236,66.14236700292213
236,67.09325814575216
236,66.07258733427706
237,66.2012852264335
237,66.81619747260049
237,65.64764534947999
237,66.26868445270793
237,66.15170807260247
237,65.91729788215144
237,65.41021968652292
237,66.5335123005123
237,65.8589002385579
237,65.70685203508214
238,66.21876914113777
238,66.83552304917094
238,66.8297097736971
238,66.20426705051882
238,65.8807772396523
238,66.11232983677623
238,64.36320562488197
238,66.02600703451206
238,65.67160937808136
238,65.58604920087656
239,65.79485249459248
239,66.75609065339209
239,66.40459045416512
239,65.73727013303035
239,66.88677976158921
239,65.22754442971828
239,65.42025952696203
239,66.617133722596
239,66.09825047916316
239,66.54265036020995
240,65.79384234579605
240,65.68502705657423
240,64.74593451379461
240,65.56870738328159
240,66.14587828535664
240,66.01299669334969
240,66.19746118412695
240,65.30444671514284
240,65.97340945352222
240,65.72585971170454
241,65.75492496707311
241,67.5673543311451
241,65.36268734120381
241,65.74071263291954
241,66.03035712009685
241,65.77070275888319
241,65.30526712504108
241,65.60824410331925
241,65.68502799270782
241,65.11709021750578
242,65.42262495723764
242,65.72098652815302
242,66.23028815882559
242,66.06324871045427
242,65.66031898128452
242,65.26609513986665
242,65.48410579141083
242,65.49342811084986
242,65.41052357703607
242,65.2564488818529
243,66.87626262111364
243,65.87002753043589
243,66.05954666253695
243,65.03604684585646
243,65.39939931327284
243,65.72590937831916
243,66.7045430737215
243,65.44911657555039
243,65.36861477600186
243,65.76134253649619
244,66.0459856834703
244,66.90810551528703
244,65.52476248098593
244,65.7520429552447
244,65.46935604722
244,66.2489939887007
244,65.89974362652126
244,65.52438599022926
244,66.13950863832308
244,64.32780549311472
245,64.27268096200183
245,65.73234233736147
245,65.84074815342069
245,66.3697139502193
245,64.54640148062835
245,65.94479007332839
245,64.34614462522148
245,65.81520972141622
245,65.73430206910227
245,65.41513829577198
246,65.60100113907905
246,65.59692624111422
246,65.42668162993317
246,65.93564689445522
246,65.91563703188534
246,65.81245787451118
246,66.42436913215597
246,65.50417333038095
246,65.27066819181815
246,65.85697110379112
247,64.42288333096212
247,63.400435046081874
247,65.10639135300195
247,65.12141990064201
247,64.77704139711469
247,65.76172191191336
247,65.2350146322115
247,65.121456615411
247,64.7500206325143
247,66.42823271595257
248,65.36210705172844
248,65.3806710943365
248,64.97456051987669
248,64.97485719036432
248,64.86959087547251
248,65.15216771102
248,65.95094321079871
248,64.79069089293345
248,66.95041752391569
248,66.11051244443415
249,65.75516133396981
249,65.49690143064988
249,64.96931765563005
249,64.75118088244976
249,65.86844023757381
249,64.65706255137398
249,64.85472323302174
249,64.66481976514208
249,65.00063371156868
249,64.31091546265539
