1,98.26086956521739
1,97.59036144578313
1,99.04761904761905
1,97.8021978021978
1,100.0
1,98.9795918367347
1,97.84946236559139
1,97.24770642201835
1,98.9247311827957
1,97.24770642201835
2,87.22438878056097
2,97.41379310344827
2,77.6912901912902
2,88.25903825903826
2,87.44830827067669
2,98.90314073363702
2,80.07512229210343
2,75.59523809523809
2,82.37373737373737
2,93.38979750778816
3,81.27715741563271
3,91.65948894631065
3,88.1740744423453
3,80.58347089081721
3,80.01294050377682
3,79.03235653235653
3,83.18135764944276
3,93.10884772528193
3,85.33434650455928
3,65.42844976983156
4,93.51415094339622
4,91.52607932731239
4,82.60241656119767
4,91.1328353250523
4,80.50433535116174
4,91.08469346038335
4,85.83899782483526
4,85.18512422890304
4,80.80228894449077
4,79.80689117752364
5,85.0698489127255
5,74.55767363647551
5,74.10055663784613
5,89.17430989063206
5,94.07503607503607
5,76.60784872934688
5,82.16874289371783
5,86.79080742082306
5,81.99460600712204
5,72.58693731650621
6,77.74430769170455
6,74.75162322139516
6,82.16870178329972
6,79.82820669051748
6,85.4499822788646
6,93.27504279367731
6,84.59123032339284
6,80.86849975882129
6,79.12873349303716
6,79.14160340053445
7,78.36633018081217
7,82.93449558518296
7,80.28636468978011
7,82.05079399335979
7,83.16339730782066
7,84.91308345215901
7,79.12054322106391
7,83.57430376935892
7,82.6752108315998
7,80.2057222299564
8,76.25886417165393
8,73.80678578526391
8,78.0411544654121
8,80.00527516732164
8,77.02162783450012
8,83.52305283132037
8,76.78382065442193
8,86.0695903429566
8,78.91057292404335
8,73.54018672980024
9,84.13067179733847
9,77.1762166878735
9,77.75761730884582
9,82.8063041015278
9,78.30795636035137
9,72.25983093851825
9,74.75333003405376
9,81.82399800263718
9,84.7215029689054
9,76.73694689095596
10,79.36720689252009
10,74.09574676254958
10,84.56445249188181
10,82.49700314815851
10,76.43299218145856
10,79.60871193574752
10,82.22665320055957
10,80.3938166844757
10,88.5933588853595
10,80.53956747286544
11,79.9775311966837
11,75.00232387824333
11,84.9483913368438
11,76.1388177465902
11,85.48769356128066
11,82.16445976237145
11,75.15099861655762
11,80.16293289979004
11,83.10307025315787
11,73.48311875242923
12,80.09045142023373
12,80.68228394276869
12,79.90267075410496
12,78.30741442015801
12,79.02357254002771
12,68.0007016656886
12,81.27512064357822
12,78.28933060475202
12,84.94971836739698
12,81.86073160847741
13,78.55042990552943
13,78.74955349551699
13,79.86769180931314
13,77.89567740681827
13,78.27100071053889
13,80.31758673258284
13,77.48316851101669
13,84.57339265707341
13,71.00554494480934
13,84.93853472674012
14,83.35997428945845
14,77.4857641765747
14,82.6501415935593
14,78.87288700351945
14,74.3582215926548
14,87.56542745567664
14,79.86653021652108
14,80.72702788759393
14,72.63290197206109
14,75.08665231157421
15,83.72967093218188
15,85.02726292774192
15,77.12814944894298
15,77.66835189045
15,74.80510400185642
15,76.48807362513907
15,81.68445788413308
15,77.30570967869667
15,84.42751543339708
15,82.6521480446385
16,78.31574215247595
16,77.01892722555647
16,75.94589233235232
16,76.05530879869984
16,84.03606675354963
16,82.48654022475507
16,79.30392035909283
16,76.49935089995645
16,81.35095027375003
16,75.41469541641531
17,75.52149394062555
17,82.95817385447248
17,81.35725383453291
17,74.85273471352032
17,86.92691152314619
17,76.82082384876774
17,81.58324998145123
17,78.49262814397538
17,71.73172144632318
17,81.13944874939921
18,76.81765715216878
18,79.89360959301528
18,77.21625669846391
18,81.75978132722406
18,80.37075114091598
18,80.17352937496402
18,75.79228411138162
18,81.0485653187568
18,75.13705956244823
18,78.58951714523664
19,76.7643241347849
19,72.79744491732882
19,73.84403701276901
19,76.94123864719093
19,77.81447785064483
19,75.78464467304511
19,78.47569020975246
19,80.24706011236013
19,76.49783738960781
19,78.97895460898509
20,74.14611096373245
20,74.4056535142852
20,73.96055456409162
20,75.34676306433478
20,79.59930443530315
20,77.75154621033676
20,83.57792077138188
20,75.96716341581737
20,76.99675747937698
20,82.1709235757765
21,75.6710368945904
21,79.27462375810553
21,78.67266552680783
21,77.90715970623117
21,77.51609861279401
21,82.15890680586098
21,83.33396250827379
21,82.13753584977374
21,79.6213076634281
21,76.5975856534472
22,74.00246040401413
22,76.24775294013044
22,79.60691539108012
22,75.71496688436305
22,81.3040569947838
22,73.86048026146192
22,77.72297045573349
22,74.91938159207145
22,79.62655644253456
22,81.61790631368771
23,77.03834650500225
23,78.41988198257432
23,77.25328792122544
23,82.55894432314578
23,78.82798620020758
23,78.26182094564611
23,78.89825487897461
23,73.83023243076974
23,73.66230848393391
23,75.57465649662336
24,76.68199817277744
24,78.57986935044472
24,78.12000266435378
24,78.97986793380923
24,76.27454595312925
24,76.15522844240803
24,77.52406557605686
24,76.33440664340576
24,76.83844918227975
24,81.65077009933555
25,77.19234509987096
25,73.85996261918486
25,76.7509787887492
25,71.64767647128826
25,81.61918184361627
25,75.38221954362652
25,79.52452389517676
25,74.8103346912206
25,76.71522695287642
25,74.8729929254831
26,72.07385586762614
26,80.97685719594622
26,76.10385557548197
26,75.66882294949605
26,77.11117416506946
26,78.33056689638259
26,80.25681094634156
26,80.46140753269924
26,76.02304432922028
26,78.32560528463102
27,73.23048664074858
27,76.2379371106562
27,72.80747713934298
27,81.08377080105353
27,74.80880673819571
27,73.03570887351589
27,70.86734532373998
27,78.76007208943835
27,77.10590622025812
27,78.36915657043893
28,79.07287813535318
28,75.9965518940598
28,71.57965645296126
28,78.32177632440408
28,81.73161853585394
28,76.30263496112669
28,77.06337322223379
28,80.8641809310041
28,80.38116184017164
28,79.47758347503895
29,78.77290478373268
29,76.3988430712629
29,80.57063548776718
29,74.77524013913889
29,75.51368572001826
29,77.49951687849904
29,75.41292862839693
29,78.39679778848459
29,76.379498694645
29,76.70727486750411
30,79.12955413204614
30,75.99568751559015
30,75.9756804641198
30,76.9204118537654
30,78.36899171947424
30,80.38246152372966
30,78.52835050815898
30,76.80107716436659
30,74.17871508108188
30,77.37360046747897
31,74.38228838145945
31,75.46483355693358
31,76.77649128041033
31,74.85680380461359
31,76.34598374758565
31,80.37576354105589
31,79.6416043826837
31,76.75392653204631
31,77.10982557978555
31,73.74637680662688
32,80.34336361686636
32,75.69064584580228
32,78.91634981468393
32,80.08894821063882
32,79.9051620185412
32,75.60688879453753
32,73.80248562079258
32,77.40479097859767
32,72.4371676316753
32,74.66063003281633
33,77.26866674777423
33,76.08693630888463
33,76.85534955612441
33,75.67471131443051
33,75.14509897691849
33,77.11885488615945
33,75.40626100481983
33,77.7102301038426
33,76.48073865586343
33,74.10154608398831
34,74.70283139488299
34,77.75373348141736
34,74.95049329659467
34,74.20699638534354
34,74.43106638470086
34,72.26188452190772
34,74.9811866128207
34,76.36156869852638
34,78.22815633311404
34,76.4634410413955
35,74.71728581826926
35,76.42066613091552
35,75.3938517304011
35,73.56574017307797
35,78.8834025982616
35,77.84387162789797
35,77.03139468587274
35,71.73024090612643
35,74.80883483521961
35,77.266323110821
36,75.11009826498872
36,74.445943653975
36,77.28855076256751
36,77.7740460760945
36,74.44530480776295
36,74.49593606363138
36,75.06589030092957
36,73.72948058328119
36,76.1575035509526
36,76.31253377238177
37,73.93757305837488
37,75.04115685278767
37,74.48691438514393
37,75.56544304205357
37,75.9726071862938
37,75.00946804914886
37,73.7962483603187
37,80.14303880971778
37,75.92308941682329
37,77.6205354659212
38,78.06719526760368
38,75.5479843909853
38,75.1786179045691
38,75.78177893161214
38,77.3149578801169
38,78.36628285657848
38,75.20882117024
38,77.32233542404225
38,77.08524561198244
38,74.11421642038167
39,79.5435036142921
39,73.38567616970101
39,78.85923572820407
39,76.75179372622529
39,74.99909414464211
39,75.0383027210631
39,75.2030767919434
39,78.40800506520186
39,76.26195722966422
39,74.39665655483431
40,75.4156862846958
40,76.77516012365014
40,76.73055161592168
40,77.04406346503639
40,75.66920328341014
40,76.58241878794253
40,74.94910891848056
40,78.78692627061079
40,74.55122167101658
40,74.73972856704572
41,75.84259097643015
41,76.88206858153977
41,76.10319053968333
41,75.85799262674996
41,78.16723126110782
41,75.89934078079715
41,74.7810707825218
41,69.44904547334104
41,75.26424813954475
41,76.36560714192971
42,72.34592366863863
42,78.07263210328364
42,81.55623408673449
42,74.50889369160444
42,77.88010645474547
42,76.64035645134977
42,74.57381444083677
42,74.98167302337225
42,78.18188610734332
42,74.79348996441227
43,71.40090563404856
43,78.93149279268358
43,74.40348959979549
43,75.17544022176563
43,79.96776375233225
43,75.47199744135277
43,75.61550964026105
43,74.48897509244591
43,74.8380339484423
43,76.78915007760956
44,72.19560373511655
44,77.83366689027933
44,73.57062037577312
44,76.04154762717751
44,78.5650421506493
44,72.31679380335089
44,77.27314757541532
44,75.70387594792084
44,75.76266842936622
44,73.00487357856122
45,73.3483946293206
45,71.58168842057603
45,76.53096498771764
45,73.25393991071094
45,74.35145016565022
45,73.96513202463389
45,75.81021036646072
45,74.52544395647332
45,79.23743380179342
45,72.05588573226527
46,75.50483478080723
46,74.54261647755996
46,73.45619889298216
46,75.28568309601297
46,74.43728830138437
46,72.93607384857434
46,71.63475472741504
46,72.08581233941905
46,75.86512322505541
46,76.18498195124525
47,74.5289963425815
47,78.43439380494853
47,74.995196162928
47,74.39613987782423
47,75.34734889161474
47,74.87770000060158
47,76.6425585217052
47,78.14211935768591
47,77.22369828273268
47,71.39847481680758
48,77.49477253342246
48,75.25528012141844
48,76.8140912726321
48,73.79332033516745
48,76.5250630048695
48,76.90898975304927
48,74.61379710641526
48,75.06556255822544
48,71.87229126519307
48,72.7809690062032
49,74.62533322733374
49,77.68567613658347
49,78.94810693125349
49,76.36246238380812
49,74.55721550487957
49,75.83935439242524
49,74.9239365147956
49,72.53700264397267
49,78.05132000401888
49,75.18502502510593
50,73.37099725322344
50,74.13033390204848
50,71.45988272904391
50,75.56768653254916
50,73.6864145464742
50,77.39342780150226
50,76.98739950614646
50,74.54087332138202
50,75.94614331427324
50,72.73916625398739
51,75.62267679237993
51,72.37181318141566
51,75.63572984905059
51,73.97773051743405
51,76.05140019408827
51,76.02008293729375
51,74.62876433673
51,74.29313776050381
51,75.64825127822388
51,74.79938952692994
52,73.9540660609046
52,76.57683945556147
52,76.35577054570894
52,78.24355360097219
52,72.31402975786698
52,74.34454422826711
52,78.77873551664642
52,74.33092440362982
52,74.24891935421253
52,71.15715762488803
53,74.58914220673212
53,74.40825673861421
53,76.12462493791033
53,74.60665088110203
53,73.85742742463745
53,75.15591014933163
53,77.02816795386029
53,78.46710100717982
53,72.22282702852795
53,76.10231702417443
54,72.36878993085703
54,76.14367584572477
54,75.94584583194795
54,76.04930518412833
54,72.65672849744423
54,74.50732522005623
54,73.48748036821682
54,73.53621285425851
54,75.39060102995468
54,72.76289716045567
55,74.93101740494205
55,74.51597041408895
55,72.05049362937773
55,74.35830384041215
55,72.45046823180789
55,73.52906695485183
55,74.07165231579823
55,71.22104977934532
55,73.85182898805127
55,77.11277550784892
56,76.28214183557867
56,75.5605235016535
56,76.60691144881685
56,77.38767768655634
56,72.84208675548187
56,72.87731954806964
56,73.1298641704118
56,72.51223371086756
56,74.1133031502705
56,73.7618011320964
57,75.56768523504172
57,76.24360255370934
57,75.2536346135274
57,75.46624236802262
57,72.70055979446978
57,75.5477470568811
57,75.42474815365338
57,75.09527237650502
57,73.55333124577331
57,73.54787339940889
58,73.11668055813617
58,73.40250270975265
58,74.75544461845168
58,75.42775642410288
58,77.34227070280217
58,74.67297277612104
58,75.56146552424889
58,72.64017925223149
58,74.39529176292666
58,73.73939582934537
59,73.94858352884329
59,71.89879620230809
59,72.64913105898886
59,76.0142103709952
59,72.56341016293966
59,73.09679693908474
59,76.2321561961614
59,75.86390485249629
59,75.98900966560839
59,74.41717040910613
60,71.14299445076145
60,76.4303035979911
60,73.94595653140101
60,76.42393252889154
60,71.98152303071154
60,73.6864722150882
60,73.6318619950412
60,72.46064398360555
60,75.43096377058161
60,73.63113783418112
61,72.25746184068312
61,75.19704076557156
61,72.69833484103026
61,74.37028972957859
61,75.70881730449202
61,75.17340551136861
61,75.49927892531971
61,73.95044314767956
61,76.23961204157993
61,74.97555445260477
62,74.43758268788918
62,72.97994431407304
62,73.95105928943673
62,73.11725563277373
62,76.59826368768519
62,74.87159746766639
62,74.80911904455802
62,73.53698159383703
62,74.87004132856289
62,74.91966910130327
63,75.09136126587642
63,73.21100440207829
63,74.44139648604214
63,73.00296416334437
63,74.26242905395391
63,74.94336051602319
63,72.67434052272147
63,72.7580152706074
63,73.40191757710821
63,72.06241426011961
64,75.47302222433326
64,75.47053257701091
64,70.99998139817416
64,73.94697765354358
64,74.2902998728054
64,74.79761285893389
64,76.28481894921015
64,74.70549548521383
64,73.92055661658274
64,76.26682892585202
65,75.26435189180289
65,71.37379803084771
65,71.41564513775648
65,73.1975721990421
65,69.38744313922736
65,73.18920841935808
65,71.3066864686044
65,74.77897459616081
65,74.98981839493626
65,72.8377663092527
66,74.84125043955389
66,72.20234409632175
66,74.0586031173877
66,77.2126057842758
66,76.08197940115917
66,71.60038896080422
66,76.04462150775188
66,73.58886275599413
66,73.4181717132937
66,71.7182146003418
67,74.19917315731162
67,71.58838021348029
67,75.77735195221733
67,74.94800460754138
67,75.31511455269107
67,74.94635768916176
67,72.95794409282753
67,73.15847470259259
67,75.29382851261222
67,73.83413739327672
68,74.53880338154578
68,77.48962613291567
68,74.052517273672
68,73.46841985833535
68,73.2021734927011
68,73.46023976843333
68,74.50242248705025
68,72.12218734390828
68,74.58499928600845
68,74.9106602209766
69,73.6383997259677
69,73.55379905440834
69,72.69279148377211
69,74.82298932191524
69,72.9972434625784
69,71.61390359776925
69,73.1153790260364
69,73.45518001648162
69,72.69073642288083
69,73.12640085379579
70,75.13748780769576
70,72.37810454035949
70,73.57138378118029
70,76.08894511536914
70,71.9949692867186
70,76.05211031740998
70,74.17140844813062
70,74.38910265839202
70,70.92381761375755
70,73.28924333951046
71,73.92470434949634
71,72.9987695533326
71,71.05886305506748
71,75.84539655521864
71,72.92337083807746
71,71.45315468382009
71,71.75393404132802
71,73.6849913319603
71,74.60403035814596
71,74.92902379554485
72,73.97941395774133
72,72.45222784467224
72,73.10646798027496
72,71.42479647959176
72,73.33204888385055
72,72.82870573412616
72,73.658026287823
72,73.40223102678137
72,71.08263337649781
72,71.14824841212035
73,74.0917235950683
73,73.10252981115121
73,71.98531082330493
73,71.65999773551862
73,72.72027287651433
73,74.47760252131943
73,76.58950386042233
73,73.14093790894252
73,72.18781046174868
73,74.95572458769095
74,69.63637332525549
74,72.57694051858383
74,73.05279516924283
74,73.77891969247827
74,72.82016632822959
74,75.27351361795655
74,73.8393300531992
74,74.00671135684901
74,73.6257108784406
74,74.92574118847443
75,72.53888753829298
75,72.97932286666665
75,69.76619063348149
75,73.23093137916482
75,74.32284546667573
75,73.5419121964653
75,71.24234089118158
75,72.00903384446288
75,71.83608866855165
75,74.01925642840358
76,72.66675680237391
76,76.53374094768881
76,74.32448064218441
76,72.9351508719576
76,75.25160757081451
76,72.61090704529877
76,75.8993850868045
76,73.91298443291095
76,74.05932689468845
76,73.50136011514384
77,73.36956929709814
77,72.0973440358839
77,71.87041460840221
77,74.0945752065749
77,72.63941255615218
77,74.29048494459278
77,72.1944440601676
77,72.99376623587864
77,74.58901492930428
77,74.55913019296352
78,71.30807005365298
78,73.0954960604716
78,70.77395935153469
78,72.32917313202888
78,75.89398225357336
78,71.54936079135365
78,73.34196001619489
78,72.21993907176322
78,74.02562890323655
78,72.01716182967455
79,71.97302235942435
79,73.26722845822411
79,74.94449653685297
79,73.65445425114883
79,70.21217079832373
79,74.6103246819592
79,72.2778180256518
79,73.62804762392176
79,71.09536640878414
79,75.45514609393493
80,73.91211141890031
80,71.26311548076187
80,74.33683663644733
80,71.9750922930188
80,72.57815953149466
80,72.11775018961808
80,74.02884598320757
80,70.70249119433527
80,72.08880735368204
80,71.26847247924343
81,72.65977329878106
81,71.9452388096629
81,71.5306006988554
81,70.02466853059607
81,73.64319624996112
81,74.92188066046033
81,71.88596972263474
81,71.43646264655193
81,70.75375897551594
81,72.22217819581074
82,75.1771768439262
82,73.16582729737857
82,74.28969946702406
82,71.49624148621922
82,70.75579242272202
82,73.16310610688612
82,70.70586334884422
82,71.59330747573766
82,71.34406816807564
82,70.45858133162443
83,72.16885100861478
83,71.96272949583455
83,71.82922391594559
83,73.98983060242666
83,70.58919639982311
83,70.55369963084192
83,73.2265354463278
83,71.55701775807285
83,71.56182624427791
83,72.37500773348057
84,72.6903423065569
84,73.66194785863424
84,73.21513979069353
84,71.82464166305161
84,72.200212972974
84,73.24612522032561
84,71.64668516030147
84,71.47713211988132
84,72.22624333568176
84,71.42434615073101
85,72.16902487812875
85,70.60812198351807
85,70.99898870045075
85,72.45064164693721
85,71.8120755019413
85,71.67934189485689
85,73.3181482272025
85,71.71102105820695
85,70.22201490830795
85,70.76383123547026
86,72.53886477791147
86,72.38352103720219
86,72.90732903867256
86,72.81855250583507
86,71.97669196936116
86,73.33767324812055
86,71.98987424404719
86,71.59677014429404
86,72.08948977704321
86,72.72717417465559
87,72.14342102971044
87,73.62334803770256
87,72.93220901064826
87,71.6329325347829
87,71.02674533566304
87,72.17927686518406
87,69.45760964360431
87,73.70009236287713
87,72.93236488388833
87,74.51539908648948
88,68.60941017494481
88,72.25338808936232
88,71.66693114216667
88,73.13529484170456
88,72.75938290646796
88,72.79831113814456
88,69.27968091688308
88,71.35332034979245
88,73.66590357734907
88,71.64671158904004
89,71.53395452899323
89,73.42624969161412
89,72.5119651106222
89,71.70373651173507
89,73.08568332901656
89,72.21204609223814
89,72.96085568353313
89,72.05000815214969
89,73.39429962489686
89,73.6927441361013
90,72.97516544502494
90,72.12642452052445
90,71.41691909198259
90,72.76478573492992
90,71.21658519149564
90,70.58288326322909
90,71.73714997789362
90,72.21893112634842
90,71.99585378989838
90,71.93868302358979
91,71.29380927598378
91,74.1733948950763
91,71.5505708089584
91,70.27990963433778
91,69.73945758185846
91,73.56896132144011
91,70.6169286539595
91,69.68704898044979
91,71.46654081661256
91,71.10117807123959
92,72.40815647635065
92,72.38702008375438
92,71.08071583085042
92,73.79265332308266
92,72.69371305793405
92,71.00141710381634
92,70.69997187362756
92,70.66312157223024
92,73.42097052013963
92,71.30102342662077
93,70.73293749702579
93,70.25971611771133
93,70.04577130311215
93,69.44986176725789
93,71.52769183520488
93,71.692921876721
93,72.1465236467252
93,71.5446596284041
93,71.47411136189642
93,71.31016425483291
94,70.67561058911107
94,68.96510194820016
94,69.85403343982192
94,70.5065238029977
94,71.31940944175932
94,71.19729269371435
94,73.50744703432818
94,73.02008737912374
94,72.36991314144092
94,72.94122843439995
95,72.15301259469365
95,71.45378069426039
95,73.08688363782717
95,70.69605864544704
95,72.16801504012717
95,69.8442481023583
95,68.83675984737688
95,71.25524803971476
95,70.61285625157201
95,72.30083417492224
96,70.81429438487713
96,72.16402505770716
96,71.35816854334212
96,70.6845096781565
96,72.05193742203191
96,71.34829817419393
96,72.74238242071887
96,71.3725511691416
96,70.88067302091339
96,70.18643098119497
97,71.53767620462071
97,72.0962236142828
97,72.13890919428522
97,72.38903858349713
97,73.52176354047839
97,70.16137375507292
97,70.57531629926227
97,72.80234876329229
97,73.10283109237676
97,70.40616476474487
98,70.91790305144431
98,73.15780796928478
98,73.97434142776072
98,69.88407373712771
98,69.43449249831669
98,70.14141150891935
98,71.96436393783496
98,72.02621896053583
98,72.70943372242954
98,71.28861988119472
99,70.11427812343976
99,70.24790930945494
99,71.85999861770975
99,72.2023448694015
99,70.88034866544878
99,70.30053624356789
99,70.62457643123427
99,69.23632430603836
99,71.58151985467467
99,71.58882713201545
100,70.7705652889595
100,71.61959986875257
100,69.55737308755589
100,70.96152595662949
100,69.50757646049271
100,71.52303813039256
100,69.37650586116409
100,71.23301895457867
100,69.5112340680955
100,70.53313514189331
101,72.04682923405488
101,70.37086468775964
101,72.56246649058541
101,71.641360094838
101,69.99996256638254
101,70.09331099776823
101,70.81777900303553
101,71.66008033846273
101,70.85387365467768
101,71.20152746059144
102,71.07982594187845
102,70.74373309658357
102,70.54465410422468
102,71.80450717549923
102,70.73243833236599
102,68.93421475154626
102,72.63391906074281
102,72.09538429612284
102,70.00185086907285
102,71.34024413503819
103,71.94090208414252
103,70.34760367847547
103,69.61173382180532
103,70.15324199510331
103,68.72460265702288
103,72.12397370684587
103,68.84098978270596
103,70.35666022864241
103,69.75561220257013
103,68.6381820164613
104,70.79688529422623
104,70.43067266877514
104,71.08429340106454
104,71.22192596071854
104,70.8019817991448
104,72.4793939654757
104,71.49740770971452
104,71.17054387775522
104,70.54067566036127
104,70.86973810342354
105,70.04191817463715
105,70.3777344868248
105,68.41650066596489
105,70.51512098822276
105,69.7788111658013
105,70.78130041114241
105,72.31745116470779
105,70.13944425422352
105,72.12077652985053
105,69.3999161427436
106,72.62798667027012
106,71.37386352703237
106,69.9927271727398
106,69.47693605330421
106,69.98795468187423
106,70.27011672650293
106,71.24828812009683
106,67.34115356145578
106,71.69220371449302
106,70.60080602513447
107,71.80030520259567
107,70.96115362463125
107,71.20730697243157
107,69.7023366243658
107,71.72411901490993
107,70.2938156192921
107,72.13231523702008
107,69.75696069511122
107,72.86929740357469
107,70.52816233414036
108,72.47200149155584
108,70.60715528543275
108,71.0618686161018
108,72.72435494324483
108,70.62618295252692
108,69.63474292637379
108,71.81000686015108
108,69.46562084128058
108,66.41027244051332
108,71.79983497796464
109,72.31339867366583
109,71.88652658440968
109,70.71657749539713
109,71.6475171629091
109,72.06552784600981
109,70.54050010130464
109,69.9101267753889
109,69.42873855471537
109,69.39515766852622
109,69.51246963299285
110,70.65116772977214
110,69.47987577040054
110,70.22869390509351
110,68.91822016359771
110,72.75725927055483
110,70.70073649223264
110,71.81558675422527
110,70.24922660698073
110,70.20979443807545
110,70.79107637612348
111,70.1670532385371
111,70.93560319611456
111,70.32274456917084
111,70.01039965736938
111,69.78524802856208
111,71.02349766545422
111,71.90967598210311
111,70.19237920562675
111,70.7955572486757
111,71.02996617984167
112,70.71665901904724
112,67.4446173295168
112,68.85393473507548
112,72.27082323168344
112,70.85622236818833
112,68.11328713755239
112,69.73582747251791
112,70.57542836129261
112,71.7726281949216
112,69.38889127473983
113,70.04717354080144
113,70.93793867982883
113,70.84516573496718
113,70.83132569232342
113,70.25107364347812
113,71.89377969831888
113,71.36073102285002
113,71.5868619343355
113,70.26409098517729
113,71.5826431978282
114,69.3473702478492
114,71.73670434689643
114,69.79117363317977
114,69.08796394559194
114,68.87430315674304
114,69.91047475064795
114,71.26211247481534
114,70.71408104719511
114,68.3285228818106
114,68.56947882691762
115,69.63015513911068
115,69.36002868835872
115,68.62954961650509
115,70.74386446649946
115,70.59423853087435
115,69.95429935432969
115,71.06967874341834
115,69.08380757126899
115,70.84345508317614
115,67.93533997182261
116,69.7962365850072
116,70.44597594825042
116,70.64903498592122
116,71.50976111950999
116,70.06576202311412
116,70.12375824227136
116,69.48631276743079
116,71.42894370736899
116,69.670930507157
116,69.98079771979049
117,68.93498000124393
117,70.46603742185769
117,70.64154046335028
117,71.0205607450096
117,71.5074071516334
117,70.5232335805168
117,71.45068891110184
117,70.16366519416495
117,68.10126838462216
117,68.5986138876031
118,69.26548625751548
118,69.86696755419916
118,68.68333295989852
118,70.2355701220996
118,71.22153733197696
118,70.71481096007264
118,70.8254813502908
118,71.24492261060496
118,69.79579976818296
118,70.6321306310216
119,68.28943640932606
119,70.91593124083208
119,67.98418881532004
119,69.01350010314977
119,70.02670853709257
119,68.49946047019695
119,68.29151292849504
119,71.61189394066525
119,69.90533507658905
119,70.62776383022758
120,69.77025148320479
120,68.61832696650504
120,68.54527280615038
120,69.67150993174998
120,69.178320209178
120,69.12967583562674
120,70.43371402791989
120,70.0720346821624
120,68.24965010959623
120,69.7450277379352
121,69.19925521779203
121,69.4133631015587
121,70.22177346526614
121,70.46026008772047
121,68.54084390286475
121,68.90735646168173
121,70.80870930716468
121,68.34545854828247
121,69.98024764390671
121,69.33013434259632
122,70.3114402081015
122,70.13792589026761
122,70.8781784483093
122,68.89785264011181
122,71.15868447528183
122,69.76055971416761
122,70.30678646122875
122,69.69584477736198
122,71.33891495825809
122,70.55998621053786
123,68.36141629151197
123,70.3477713131878
123,68.84762562377782
123,69.9153511419806
123,68.55363763148766
123,70.16737729398986
123,70.70550748152642
123,68.00085880212664
123,69.45030178216136
123,69.0058554599423
124,70.61874922524225
124,67.98001374187001
124,71.46822714096521
124,70.45493210087822
124,69.76024598644292
124,68.1920374458082
124,69.86489370206341
124,69.62625036358132
124,70.07035039769698
124,69.14018638049376
125,69.82956041517264
125,70.37219947838247
125,70.03308675931798
125,69.6930130854796
125,69.9851139157611
125,68.96054656241614
125,69.80934504287487
125,70.38462126441895
125,69.3462483684422
125,68.5046456451317
126,68.25531655304142
126,68.2295446527441
126,68.15296329676791
126,68.36283454149486
126,69.83410989495187
126,70.03403558050698
126,68.6898728515728
126,67.54772728387051
126,68.1831572759936
126,67.93180246412452
127,69.06623544006119
127,70.11070424881734
127,70.20960677101702
127,70.24673622274841
127,69.43905424385123
127,67.85609148097872
127,70.10302379878055
127,69.45259521863318
127,69.42536360332191
127,67.94791374877406
128,68.68735605990763
128,70.74584859160045
128,69.77399712435967
128,66.96253843327123
128,69.99042204255642
128,69.4393880939267
128,68.73050325092736
128,68.44442894895568
128,69.71598350877242
128,68.58586538095307
129,68.81166101058885
129,68.69141789740029
129,70.67008705165226
129,68.80535115320225
129,68.18860731097024
129,68.4769516617538
129,68.79226622964116
129,68.78862574362904
129,68.99683882938449
129,69.50013083356544
130,69.4278868062824
130,68.57599872700038
130,69.37635505068305
130,69.0946095924135
130,70.33320559996248
130,66.14945156762037
130,67.65797124285827
130,68.97518455159056
130,69.28069805158003
130,67.22928584710056
131,71.29231687919977
131,70.67215448910554
131,67.61546909854258
131,68.82616586982873
131,71.20699529242204
131,70.03940328109405
131,69.9954259190349
131,70.4511954818412
131,69.42286809504537
131,67.66937620204831
132,69.43362121071239
132,70.43313527456054
132,70.64391883693796
132,68.18170314916689
132,69.29465005336536
132,68.83952436842833
132,69.37935010950437
132,69.5805424181679
132,68.07281927649646
132,69.22540969820929
133,68.50034499111719
133,71.2659072989378
133,70.08263582318229
133,71.96899803931068
133,68.910515562027
133,69.33484365832851
133,69.65995607274125
133,71.15931145592998
133,69.21286917655821
133,68.84673024867753
134,69.38980599934594
134,70.02132935174738
134,69.58934913494113
134,69.6923441094768
134,69.21237365912958
134,69.13477674364484
134,69.85873400560948
134,68.83218006879513
134,69.22374683209075
134,67.8636243865928
135,70.25916113822913
135,68.08458854009419
135,68.00378884082362
135,68.06978911732256
135,69.75672601747858
135,68.85646891078767
135,67.9866704703412
135,69.25042596225089
135,67.7006943812129
135,68.37294137837891
136,68.20885883681423
136,69.224199863581
136,67.75473609609507
136,70.73739959852034
136,69.91579719363652
136,68.68992923997008
136,69.34499359734374
136,66.84844931657574
136,67.31394944464935
136,69.85813661648592
137,68.16358651936271
137,68.71897050541595
137,68.16857797284717
137,68.68003216121109
137,68.55206976156607
137,66.82171671511227
137,69.40127585675357
137,69.37151553203302
137,67.98745075439494
137,68.87502712735227
138,67.84798598595103
138,67.39221094074605
138,69.62051496373773
138,67.46933458454093
138,69.22731224000238
138,68.78464330876524
138,67.87062565215373
138,68.88695197955727
138,68.32125794889944
138,69.81035307754385
139,68.20451288217785
139,68.80530850172124
139,66.1474765590522
139,67.18611187593851
139,66.89220045575178
139,68.32665209225023
139,66.85627249590368
139,70.54789741067604
139,68.2371850637812
139,70.05802070958138
140,68.76947758987532
140,67.66502986258733
140,68.57472628432907
140,68.01956479081834
140,68.38807176834247
140,68.32069209406129
140,69.14334325005352
140,69.76897243671131
140,66.41218379876672
140,67.35799035147642
141,68.40255018464684
141,70.53197732959612
141,67.63610542347315
141,66.7360483513665
141,67.50553663950082
141,67.50763808669679
141,68.24116249187414
141,68.51978002306745
141,68.31414478197726
141,68.29885118465778
142,67.62311492451823
142,68.45151887473968
142,66.76531970731749
142,69.37373470846283
142,68.50091941135435
142,68.93152251011718
142,67.76769473414146
142,69.20508712011454
142,68.31752458792452
142,69.07570332009782
143,66.7481315529997
143,66.68616617486936
143,70.43661223582353
143,67.3132573685033
143,68.68427071724761
143,67.907062746795
143,69.38456339075047
143,68.51094727849481
143,66.81537210234745
143,68.14173570417942
144,67.72155848931179
144,69.97582679555475
144,68.06692707324319
144,68.50562038694214
144,69.682629921765
144,67.57890547636872
144,67.28840507416832
144,68.78246323270034
144,67.73560310267061
144,68.75484169722928
145,68.21828336978952
145,66.93333135696388
145,68.40909276385536
145,67.26496681753126
145,66.27572569674486
145,68.90944103132782
145,69.00503783139825
145,65.60554966947318
145,69.26864058957895
145,68.31296852201748
146,67.97256618739112
146,69.19796678213184
146,68.04941752762481
146,67.68479271198551
146,67.35768968861002
146,67.49865003819335
146,67.46581536845106
146,68.95936475697826
146,68.08175542994928
146,68.70171870058469
147,67.83202069227391
147,67.07357903184922
147,67.88945481332308
147,68.05618841057527
147,68.64647791983239
147,67.90427881265116
147,68.75688709805246
147,68.37684785738506
147,67.92878703962049
147,68.7520064867029
148,68.07450263008948
148,68.64974651045247
148,68.32727367356021
148,68.16735371265614
148,68.21184646100028
148,68.4061335359117
148,68.89938809316163
148,66.6036375241578
148,68.3723120122892
148,66.4668859228161
149,66.28932477659839
149,67.29249486608708
149,69.03831202472549
149,67.32279385800118
149,67.31733018672773
149,68.85963905336796
149,66.73288958836905
149,68.00328709164683
149,68.95652481891126
149,66.76571231422899
150,68.5287524527607
150,68.66760317439496
150,67.36987227986478
150,67.70361522694569
150,68.25817972915439
150,67.35575537403568
150,68.56729266674455
150,67.9336739732279
150,67.63089920895851
150,68.51922086290107
151,67.62243650816299
151,68.70475871907678
151,67.46456742131025
151,66.95278327638403
151,68.06218861491993
151,66.66490358209523
151,68.10894593403397
151,66.99560749905848
151,67.41179233376637
151,68.76249752023219
152,68.50368016484339
152,67.74239550840593
152,66.61137904111905
152,66.80050162585145
152,65.26828800830171
152,65.2581424085046
152,68.89785724182282
152,67.53707013467597
152,67.06620589458207
152,68.08445814852391
153,69.38762064109197
153,67.02148206563953
153,68.47863121975749
153,65.54755113007845
153,67.11447434220533
153,67.13083977389512
153,68.86783746471228
153,67.6302014395774
153,67.56901631982709
153,66.32124644432858
154,66.5632269336399
154,66.56367731211556
154,67.5320415441874
154,66.58459310061556
154,68.18986495387074
154,68.01537322639832
154,66.98480303583874
154,67.63935014487072
154,68.05140369817303
154,67.01401520226878
155,68.02100829108517
155,68.5904793901497
155,66.74115839338697
155,68.51813362150267
155,66.65673039337838
155,66.12927879046786
155,68.05653992442419
155,68.63824221033147
155,68.57510487714717
155,66.36167538535973
156,69.0795111959784
156,67.50636374998572
156,66.81264685838218
156,66.63926678788414
156,67.62402743554135
156,67.96238037083072
156,68.00986735741483
156,68.15213724355296
156,66.51970966895779
156,66.8222496891874
157,67.33117110082262
157,67.47580864040091
157,67.01597955488563
157,66.5920277401724
157,67.01691317191705
157,67.47617756623774
157,67.57713914924808
157,66.89897838817193
157,67.99170330614601
157,65.17423500202311
158,66.9140845628884
158,65.83987269406137
158,67.1667488845218
158,65.9695934796238
158,67.78698224838419
158,68.29320324412707
158,67.89703897955887
158,67.20502283642207
158,66.23937280799402
158,65.96745669542722
159,68.17450884511652
159,68.7730275888489
159,66.62748890308384
159,67.1070146528573
159,65.74521730692656
159,66.6114306995559
159,66.94527706126017
159,67.21388881911999
159,67.04118128413322
159,66.91212657704378
160,66.96218166485332
160,67.44348846817137
160,65.92888723066976
160,66.79371995857281
160,68.4546281705982
160,67.48354894253626
160,67.49331738650626
160,64.92722554846166
160,68.98633846215805
160,65.80821413337772
161,67.33033180418104
161,67.34461661635946
161,67.47206077130677
161,65.5489199182081
161,65.51652895692935
161,67.4662937645263
161,65.22134439010448
161,67.59516596995623
161,66.71396523201041
161,67.1523421383101
162,67.89372305027167
162,67.10018204519777
162,66.00574618966995
162,65.94198141702218
162,65.56243290971149
162,65.363184731305
162,65.24010138947823
162,66.48823069433962
162,67.58064041835053
162,67.11716441031686
163,67.42422200791178
163,66.39248589236998
163,67.85533911313442
163,68.06656064526443
163,67.58783012068596
163,65.72361672289256
163,65.99362274016629
163,66.97998512695608
163,67.62045030850453
163,66.44575708531478
164,67.62967673810881
164,65.50150863154329
164,66.53591259202616
164,65.72854753698294
164,67.14688139869806
164,66.32675404203219
164,65.96084390215894
164,66.63565122058147
164,67.96555224211414
164,67.94707691938967
165,66.68932443797846
165,65.68922230636912
165,66.50437151797568
165,66.33445462569973
165,65.30757928099925
165,67.90044661138849
165,65.92037737684343
165,67.29853343939473
165,66.99433509856757
165,67.11423481719766
166,65.3719606208094
166,67.12511902324493
166,65.83575150253134
166,68.10096205504951
166,64.47873045058869
166,66.39159211600338
166,67.03029306730349
166,67.15782378461257
166,66.60646881414733
166,68.02716328337179
167,67.56372563112298
167,66.6822335705921
167,66.18756322035136
167,65.7024066780948
167,64.83189021470604
167,66.41539948497346
167,68.21673428021448
167,66.2356671602498
167,66.14753132951793
167,67.05873541981313
168,67.39618935263736
168,66.20334976775108
168,66.1387720343147
168,67.12880308921515
168,66.05120412021077
168,67.27218339338314
168,67.64921726503219
168,66.84198145636269
168,65.68561569189389
168,66.88319921718787
169,65.00810781761024
169,67.45966824076712
169,66.125953667595
169,67.27038412027997
169,67.51438149237376
169,66.56911243211691
169,66.48621795285693
169,66.54366874110157
169,67.77109961752659
169,65.05109996808316
170,66.68249627568984
170,68.16382475651362
170,66.41905076038826
170,65.15082099822955
170,66.24237478356163
170,67.31074528245405
170,66.78614133966465
170,66.46026280350229
170,67.47621269712766
170,67.84854725875647
171,65.55460743845886
171,65.85597547142643
171,68.0118957050923
171,65.97485194251345
171,66.67610488196273
171,65.92868436990503
171,66.4527319668336
171,66.12931974844489
171,65.81955474992172
171,66.48440334428292
172,67.03009431496038
172,64.12614852590332
172,66.05930109168959
172,65.67880015385055
172,66.85326005501113
172,66.90309057632342
172,64.70946375070177
172,67.29748280329645
172,66.22588237846008
172,67.41935363074627
173,65.93251884652447
173,64.5167760492161
173,67.36727820312024
173,66.99567877152704
173,68.6734344798612
173,67.4628377739104
173,66.19690880543723
173,65.65638553449598
173,65.99883754677336
173,66.77630002710828
174,65.52969233467087
174,66.49584980306305
174,67.18131059419693
174,65.71982924124242
174,66.60820255249598
174,67.98600024147386
174,66.1202971057413
174,66.26237068235805
174,66.48556172685551
174,66.73333224202966
175,66.80497194749451
175,66.30644384312937
175,66.40608219367681
175,65.69632593146153
175,65.92595049027581
175,65.69444895070605
175,65.3333390197613
175,66.86990814306645
175,65.1682489624382
175,66.28984180903271
176,65.80921987856155
176,66.41035640225714
176,65.3662055267207
176,65.44328111772485
176,64.85967660506243
176,65.92192238465829
176,65.83506672552548
176,65.97644154221702
176,66.11993640714572
177,66.33742794260712
177,66.23992245911501
177,66.42290719982054
177,66.76650801846853
177,65.1928263217404
177,64.54869908681557
177,65.32140954033264
177,66.22377224520405
177,65.04042310111913
177,66.72551865039354
178,66.79094001696002
178,65.04057036649336
178,67.42441456576861
178,68.11934106607065
178,64.57684909489416
178,64.6740282977026
178,64.69917676446661
178,67.38987691863589
178,65.18014123475128
178,67.42365063687664
179,64.10633151305916
179,66.51870272797416
179,66.57468873524694
179,64.84777052030384
179,66.0907707067834
179,65.62489150446285
179,67.5082909098314
179,66.12061689682774
179,66.26708607271873
179,65.85643292156294
180,66.25214395879576
180,66.87534036829904
180,67.04538691902144
180,65.40748453365957
180,66.286163857191
180,65.81683360665342
180,64.7745829865153
180,65.93349810086828
180,66.72482835711592
180,65.604585903392
181,64.90392708887035
181,65.47374271532418
181,66.4747321938966
181,65.99325330676801
181,66.55737064952174
181,66.63331091908537
181,65.8736162935584
181,65.36425537317798
181,65.20934542675747
181,65.62222482122712
182,65.74818062907225
182,65.70678640614817
182,64.44746936158059
182,66.91602470834013
182,65.99851965971301
182,65.68928812250829
182,66.1529609893538
182,65.99454893555475
182,65.5155984591763
182,64.19817027958773
183,65.11175842649047
183,66.03813450345852
183,66.03003194710303
183,64.85380448884302
183,65.45786946612665
183,65.90636754415829
183,64.88945664633934
183,65.89801692626705
183,65.85361620055126
183,66.2809926226093
184,64.43366606839622
184,66.63985523361144
184,66.819964334784
184,65.50419727462076
184,65.14409257249557
184,65.22467521857843
184,66.19531963774055
184,65.47313546155546
184,65.7505151753772
184,65.94115609627046
185,65.55593604084318
185,65.48691623593855
185,65.25562865427864
185,65.49013182722683
185,65.35285172577721
185,65.51887599451477
185,66.45834243979242
185,66.28097864221
185,66.31279061410848
185,65.33357688444018
186,66.24588602691573
186,65.1353975365705
186,65.293994778231
186,66.1511352864101
186,66.07014081069809
186,65.46401490204073
186,65.30020535583752
186,64.86416529573931
186,65.11537593298371
186,64.76718507200538
187,65.71259759609549
187,62.83651822744242
187,65.50577055541751
187,66.49814848562353
187,64.8194409214505
187,65.37520805203327
187,65.884720596694
187,65.68838593112531
187,65.24989177659104
187,63.64121289303297
188,65.85917180208727
188,64.50690251625146
188,64.57759808077009
188,66.20849046546647
188,65.53649065158355
188,64.75018098858001
188,65.53364133236815
188,66.0592722156369
188,65.44282807944556
188,65.93870563446693
189,64.38720262848497
189,65.08219366038968
189,64.0699001580859
189,66.27976702758255
189,65.16855670675538
189,66.79525753262332
189,67.06374957664435
189,64.57180579665878
189,65.096376135952
189,66.45520582847276
190,64.56550047236017
190,64.35514160572603
190,64.53844602700727
190,65.77293797113138
190,64.83479629451102
190,65.0416132921688
190,63.62122598514439
190,64.69528623809897
190,63.93726445520313
190,65.355682062206
191,64.87129070724835
191,64.42408577202325
191,65.75501560276014
191,65.467326635353
191,64.98007108236332
191,64.30006893708617
191,65.62642457420799
191,65.65417766275434
191,66.23593751468582
191,64.3669168165384
192,66.26625217817008
192,64.84027843286466
192,65.46244828593024
192,65.58990512261067
192,65.09775991569946
192,65.36975338366959
192,65.97954334181753
192,65.05945996744312
192,64.96637580221248
192,65.61681665260105
193,66.26511274177153
193,66.27032511649006
193,64.24423525087342
193,62.60208002142068
193,64.50371440878791
193,63.60083948375765
193,64.7193093455783
193,64.72058556070876
193,65.18458974307848
193,63.922222329609966
194,65.15210085681055
194,64.68395757970757
194,64.07200539858384
194,64.99325521456666
194,64.84789735863683
194,65.2141782084263
194,64.8585099508721
194,65.31064324110568
194,66.37747389292174
194,65.00296046068445
195,63.737651021322286
195,65.02727192717579
195,64.46324491803914
195,64.13213341629141
195,65.42780121655328
195,66.6958456606139
195,64.9085728614513
195,65.59690544482761
195,64.70162357100683
195,65.14379428949155
196,64.48609089504721
196,63.2481683104003
196,65.78014203751735
196,64.35654872267395
196,64.83050792807451
196,65.10830503314473
196,63.36577819335487
196,65.33774307286373
196,63.79042243591463
196,63.828550745178745
197,65.87547058755506
197,66.74516123305938
197,65.00673294610242
197,64.65514600068578
197,65.25817125092934
197,65.39894415850476
197,63.70670002921061
197,64.91338268119625
197,64.10009210106065
197,63.785335225084204
198,64.6621328454928
198,66.20607933354805
198,65.88936699117215
198,64.2320610652703
198,64.36331819182371
198,64.295890096049
198,63.818287990112424
198,64.10716836238788
198,66.17810890212064
198,66.21582137385533
199,65.13723608509372
199,64.77007235493605
199,63.85833036569962
199,63.04561670905564
199,64.46539514665254
199,64.04608442546358
199,63.88348587199481
199,65.39104658312458
199,65.77447015688988
199,64.78297419808514
200,63.600520122445495
200,64.41162169498905
200,65.21407818696318
200,64.84289601282282
200,64.99625107305802
200,63.783999432060575
200,65.93853947992314
200,64.00956123548296
200,64.7886511771864
200,64.73641092110661
201,63.8648493698714
201,64.26185179451852
201,62.50256257782746
201,64.17451516176851
201,64.44424238849302
201,64.1842469045311
201,64.55768350151287
201,66.37889446611435
201,64.63088975594052
201,65.55238420591573
202,64.02322979648737
202,64.76410754168779
202,64.4852563379476
202,64.05420167879713
202,64.89301954306526
202,64.62420795834268
202,64.25963282653177
202,63.80229812987746
202,64.80122798036217
202,63.40257376278642
203,63.34731054066138
203,66.17899420648716
203,64.62320925989785
203,64.21951615204793
203,63.59056128673315
203,63.748616283248104
203,62.96898433435282
203,63.3799503366747
203,62.79446109350603
203,64.2651515605832
204,64.0713615613165
204,65.69715880457072
204,65.1066478082389
204,66.13565456786151
204,63.95926594339667
204,64.15152109801375
204,63.93407681778067
204,65.21411861103472
204,65.10885129240647
204,64.41613130463415
205,63.047136712995744
205,63.23502061955488
205,63.608695143346786
205,63.85123619639585
205,63.398173068014664
205,64.37744498994388
205,65.0681531377971
205,64.49784406642773
205,64.95324868116089
205,65.22338358384036
206,63.668831805297664
206,63.73032470173576
206,64.47640702329784
206,64.95046449743215
206,63.5310770846171
206,63.350526425473355
206,65.33458959951571
206,65.21838092212442
206,64.8650807703077
206,65.26587411111569
207,64.63661315001468
207,63.27918504567002
207,63.75291496347513
207,64.06122313641221
207,62.86193059919491
207,64.0698570213338
207,63.87445163414883
207,64.69559508494946
207,64.15477901119803
207,63.92127158478581
208,63.4714904215394
209,64.90730270141589
209,64.18398585169174
209,64.48724082247813
209,63.52163591558585
209,63.99680743363129
209,62.909665227990075
209,64.6240015039475
209,63.912101893631046
209,65.04594199399268
209,63.784340553696914
210,64.71726229009343
210,64.54689575813707
210,64.14005971918616
210,63.579789239419405
210,63.87057856537085
210,64.41399017817942
210,63.680206465405654
210,63.98118063202502
210,64.15324551923113
210,63.30466925946827
211,64.05331498116989
211,64.32130180982996
211,63.52822646115504
211,63.29928524500639
211,63.45168878398702
211,64.46736172379765
211,64.16842107756243
211,63.94058680172232
211,60.75235726005012
211,64.39994894271963
212,64.07790470618887
212,63.9383764276604
212,64.13119097135693
212,63.367982167333366
212,63.065018058651056
212,64.2329303109052
212,64.14002385258284
212,62.77527115219513
212,62.49925729546769
212,63.59018592393506
213,64.60800408152072
213,63.6784129270542
213,63.60832872421114
213,64.0869988722697
213,62.496551860580084
213,63.44068483730153
213,64.12205420939236
213,64.6501342347441
213,63.021435015883675
213,62.41713357185296
214,64.58911984040103
214,63.05404683903634
214,65.25296432696096
214,64.79630745551788
214,62.952273230338406
214,63.34369726793299
214,63.272443241008105
214,64.25044680440779
214,64.51465654780625
214,63.219724444452574
215,63.70759079887218
215,63.14897785612724
215,65.2050376719103
215,62.801345532503646
215,65.16146632773695
215,62.54916071858594
215,64.98267301506618
215,62.34092986872163
215,64.0979440888788
215,63.67337039359402
216,63.48463108557829
216,63.303520924675325
216,64.4756209943799
216,62.153501724682435
216,63.80993428011804
216,64.27854767707608
216,63.12388672956016
216,62.26345391407755
216,63.11391694578427
216,63.94497494165664
217,63.290622853963896
217,63.832191459742795
217,65.03142715723646
217,63.51496793577399
217,64.05044240149321
217,63.934353304520265
217,62.38065959448459
217,64.1825274880445
217,63.82481185101017
217,63.223797262517834
218,64.1833841882687
218,62.68803563274298
218,62.18161658646502
218,63.47243873438659
218,64.21586675249158
218,63.98326501625968
218,63.002182505626514
218,62.584563875848175
218,61.91556981310888
218,63.2904140377338
219,62.50674917645199
219,65.59706862334565
219,62.698029580636764
219,63.29449144681659
219,62.70708904731171
219,63.028140041466244
219,64.05938350073754
219,63.202678377186274
219,63.81196084009685
219,64.19725970694614
220,62.82736282177866
220,62.776867923708345
220,63.80516493983816
220,64.15541019737184
220,62.7178740632912
220,62.808880589693906
220,63.4749460084382
220,63.35453219564394
220,62.71592091125676
220,62.597536887081574
221,64.03503610600306
221,62.563929811243234
221,62.67727209966727
221,63.304621205923
221,63.34633790781075
221,63.1228845364354
221,63.547368572709004
221,63.319341834517964
221,62.910039942354054
221,64.27845640598802
222,63.9646622116587
222,62.13287633589211
222,64.26750994071475
222,63.46097404400464
222,65.01226182732412
222,62.38587181094925
222,61.892470100222106
222,62.141364174739024
222,63.928547806801404
222,62.705616821741074
223,64.5822872493658
223,62.99605544477894
223,64.4158720110325
223,62.61915356955273
223,62.54207340378155
223,63.03940347993705
223,62.52998154221498
223,64.61305867615886
223,62.97598653290441
223,62.302364731861594
224,63.619584949047216
224,62.42526954850488
224,63.29938819774782
224,63.949601582647695
224,62.43711097089207
224,63.71734576740909
224,63.493396687659995
224,63.48290932151629
224,62.25292841622817
224,64.4318602040984
225,63.09314565426989
225,61.21275947241258
225,62.67268923353425
225,63.59430450217173
225,63.80882372559222
225,63.08054457829838
225,62.74890053399306
225,62.53308804413089
225,63.62610729400012
225,62.95929397785728
226,63.72439599007396
226,63.31345198778083
226,62.270292654039885
226,61.33748477715554
226,61.47215206462248
226,62.11118293160281
226,62.86691477641495
226,63.618629036287444
226,63.27867617283528
226,60.767897162593954
227,61.917985867663404
227,63.57001334313238
227,62.086033496078244
227,63.27139370923606
227,62.42615342130471
227,61.45158163790623
227,64.09566701249138
227,63.39015077520986
227,63.5150818331743
227,62.636480025487096
228,62.1005917959091
228,62.243897968441985
228,62.394634041558476
228,62.14869409614954
228,61.81194318592058
228,64.12972231402199
228,62.197446495989375
228,62.34806423894421
228,62.632878714056
228,63.27562730453167
229,63.972368272963244
229,61.51919857249557
229,63.13767898368361
229,61.91223588683602
229,62.76148082161755
229,62.190174395581735
229,61.56892407660579
229,62.93649215748982
229,63.22392128531889
229,61.88873021860712
230,62.073461796644445
230,61.73540276183831
230,62.85974338949417
230,62.5350183563797
230,61.46948974236511
230,62.07340932065718
230,62.84389699992007
230,62.01443352393443
230,62.77825557545362
230,62.39934098648091
231,63.107700552998345
231,62.493126245659745
231,61.727112146070354
231,61.94869887733021
231,63.52394640277941
231,62.35902226643959
231,63.05517188661518
231,63.47814278402007
231,62.174690055409734
231,61.92636042435621
232,63.51430136299901
232,62.57015976167877
232,61.48631344362402
232,59.77327456509391
232,61.4085735977007
232,62.949439908951746
232,62.585708757342765
232,62.17388671448209
232,62.7187155828519
232,61.85839773026739
233,60.739940525193894
233,62.95681972203984
233,63.838902967741454
233,62.77868000820368
233,61.24560175933368
233,62.64071207649484
233,62.53085749216203
233,62.91575546887916
233,61.86746487976793
233,63.83180731011635
234,63.75728542875149
234,62.89241934796268
234,62.157226107287315
234,62.08425241595494
234,63.404309395924344
234,63.75408857474255
234,61.83150173286134
234,62.96026381130231
234,60.211198893326745
234,61.955078035098346
235,62.281068647601366
235,61.489883595181084
235,64.10807597514365
235,63.63155535613988
235,62.5378498029333
235,62.861994065932336
235,62.24023300490376
235,61.4054924845932
235,62.56344787948728
235,62.24006937844516
236,63.26010099843779
236,62.5132030659419
236,63.18695688598272
236,60.47889803809869
236,63.06724232954007
236,62.97830560079749
236,62.88584134832587
236,62.57565722548608
236,62.55757897601143
236,62.03437728780873
237,61.21292537910228
237,61.534081580008994
237,61.79904466803684
237,63.50179330869088
237,64.38003412407791
237,62.2714636173899
237,62.412661815614314
237,61.884446123696705
237,62.06134123320178
237,62.925131523818614
238,60.97840405887749
238,62.60167362464637
238,62.87127576075506
238,62.482391348400526
238,62.27233271403006
238,62.62893683638215
238,62.692168957106745
238,61.85341421146116
238,61.403148583755026
238,63.47992724127188
239,61.86708771184417
239,60.99842582531048
239,63.22305730503275
239,61.77316067947619
239,61.97688075436301
239,62.217195002559514
239,62.65861405448347
239,62.10932630627386
239,60.737361931220235
239,62.97559627357012
240,63.1533659276321
240,61.632048997897414
240,62.590539828912696
240,63.22758024045504
240,61.177701153688425
240,61.52844969000111
240,61.2947961735491
240,62.374355515578074
240,60.47977161761955
240,61.54927317622864
241,61.583881645300565
241,62.36707936248948
241,62.437208166443995
241,61.486992697240304
241,62.25805398020324
241,61.86474423472509
241,61.345511154591605
241,63.03849683692383
241,60.652564690512136
241,62.18230649302973
242,62.07375934504126
242,62.131919956062944
242,61.85568347830528
242,61.979501020391034
242,62.01489930593959
242,62.07044597862315
242,63.008781544942124
242,62.44108115449466
242,61.352350942581545
242,63.01470133484738
243,62.95086746180486
243,62.01141892776102
243,61.30237781722748
243,62.475460996844376
243,62.86394270325233
243,62.76346781159354
243,61.9470827623534
243,61.333799365138496
243,60.74825105790066
243,61.76312296583173
244,62.17842608701293
244,61.265499513887754
244,61.38527504266753
244,62.59794317464896
244,61.24047807904351
244,61.02686961277115
244,61.429375442139225
244,62.7775782189023
244,61.452775531665225
244,61.737670994237746
245,63.39192734530087
245,61.24471050144553
245,62.175920620258275
245,62.08255133367745
245,61.77204093457751
245,60.98827767820669
245,59.26287765202586
245,61.151447959933414
245,61.55207008421628
245,62.7227225953364
246,61.213913259874694
246,62.6500101626492
246,62.145507772480066
246,62.56306733262572
246,61.170321921722426
246,63.34538157839468
246,62.3884265891966
246,62.00460007693454
246,61.13725537695521
246,60.02950385542994
247,61.37117029977457
247,62.48180772397686
247,62.373993461013214
247,61.610129716401474
247,60.25714809604713
247,60.86695261376364
247,63.007621819124715
247,62.07144726359335
247,61.977150054285005
247,62.0732260275094
248,62.565035399884025
248,61.34373842179974
248,61.711481443853046
248,62.676101838490105
248,61.59552595598019
248,61.658006312678616
248,60.996978328226106
248,63.11613286659807
248,60.725104329921194
248,61.157366246832666
249,62.195644848272224
249,60.84649818690949
249,60.816064897098265
249,63.06112360271382
249,61.50710403647385
249,61.603150238955664
249,62.19106390427574
249,62.72467778824306
249,61.94190102475032
249,61.53140100767316
