1,97.3913043478261
1,98.76543209876543
1,96.0
1,96.80851063829788
1,97.0
1,97.41379310344827
1,95.16129032258065
1,95.0
1,97.9381443298969
1,96.19047619047619
2,95.13350559862188
2,98.35164835164835
2,98.46938775510203
2,98.03921568627452
2,92.70627062706271
2,96.20689655172414
2,95.52696078431373
2,96.55351249410656
2,96.84537684537685
2,99.1869918699187
3,97.6762667683896
3,98.52970554157177
3,96.68718853771115
3,97.46184738955823
3,96.73760256284528
3,98.54296066252589
3,97.73333333333333
3,95.38021228558313
3,95.75580830174006
3,95.1829225475739
4,95.70907943988641
4,95.17525579418783
4,95.37460976665754
4,95.45682111815833
4,95.29066200789502
4,95.76181573087379
4,97.12052752158996
4,95.11971370647943
4,99.26635514018692
4,96.2964458510677
5,96.7030612244898
5,98.06206639121648
5,94.20705111351744
5,93.65849225480609
5,98.53415337289248
5,93.0641256786322
5,93.42777864674602
5,93.74666145788669
5,98.66888457024332
5,97.50499035837606
6,98.12170560072107
6,92.40667173171127
6,95.69850292195254
6,96.65525957192624
6,96.66370098511567
6,95.60760711806651
6,97.53358957578662
6,97.4130455074933
6,91.67386833847169
6,96.03705373242649
7,94.77617460025918
7,96.1466399617371
7,94.01190045704074
7,96.21542140583557
7,96.8675754782074
7,96.0321678368841
7,96.56674692111834
7,97.49252902458052
7,97.28687280044464
7,95.66611904282638
8,97.77312449558833
8,96.24330960039165
8,97.19319541288573
8,92.68862529434026
8,95.8581026715727
8,95.00501729512195
8,94.1689720975211
8,97.13533282243198
8,95.38474194477094
8,95.65302826257579
9,96.95019874713755
9,96.23904039990066
9,96.80973422182646
9,94.64657962655511
9,95.84471455594739
9,97.64053754484459
9,96.4759063096519
9,94.55100357537631
9,93.322933481882
9,94.25287317142951
10,96.7281281133087
10,94.69055275184644
10,95.5603169179146
10,94.92703141407264
10,94.6852151043314
10,96.03109680310465
10,96.97574060689892
10,95.2467458283158
10,95.16441009618015
10,97.28667218757312
11,96.23723212954599
11,96.76029474500646
11,95.31261626353316
11,94.93199632591516
11,96.14109091092261
11,94.77138760892932
11,95.84878382801627
11,96.11217924822778
11,94.77780154190977
11,93.90922252977016
12,95.5031291150176
12,94.70920057129946
12,94.10761029358953
12,95.75979417467649
12,95.03734717366811
12,95.74384111775319
12,95.02202655338866
12,95.52202076427848
12,96.26137424763895
12,96.1007175411089
13,94.63928984188443
13,93.47260758135634
13,94.6519089546381
13,96.85383676583061
13,94.76801672872415
13,96.0659060227678
13,94.8687461662934
13,94.71523213905839
13,95.84494986210366
13,94.50147427593032
14,93.652198758798
14,95.41956006104353
14,95.69554671431074
14,94.81969550016353
14,94.26189453269515
14,94.42368394820784
14,95.83401436440674
14,95.84227212685231
14,94.23899091923653
14,94.82141579334325
15,95.69361009888635
15,93.85827297243749
15,96.2870128742278
15,94.64363485656287
15,94.37737663447112
15,94.56814059358787
15,94.45956307059943
15,95.09550350134882
15,97.20367557237034
15,94.49213284160946
16,94.95839908098826
16,94.15474104595354
16,95.77818629992252
16,95.73341309947911
16,94.89107677883261
16,94.42533967136265
16,94.76804617324483
16,93.70094832386927
16,94.8774206499057
16,95.5398422566803
17,94.12904301351807
17,92.85233500624206
17,94.86889782381444
17,95.27681658140011
17,94.4636521650898
17,95.04686755589135
17,94.20614053678148
17,95.21865984864357
17,95.3863450663783
17,93.71618762091859
18,95.18360062661002
18,95.64737277275879
18,93.67796705768573
18,95.12778245922873
18,92.95471429349895
18,95.49199146338474
18,94.44441431857852
18,95.0255394255056
18,93.91432502717963
18,95.23461775991673
19,95.19833496668947
19,93.50781608907191
19,93.95934146009166
19,93.79690114313892
19,93.95655088660266
19,94.7965673608144
19,93.81831734470244
19,95.60554469635633
19,94.69718825247462
19,94.51240977337989
20,94.9278857008293
20,93.80245809050297
20,95.09603420682528
20,93.3862971517322
20,94.08589812952964
20,95.3222128804733
20,94.42437772703013
20,94.71618893933247
20,93.89451890928115
20,95.79393148676118
21,94.00421512738968
21,94.44232020500812
21,94.30537292168557
21,94.39153770569536
21,94.40864704866463
21,94.19994727877949
21,94.98340366380917
21,95.39929879180475
21,94.41562231908846
21,93.22554687282734
22,93.39624456081762
22,94.47392448148148
22,94.94439797381577
22,94.00159980530105
22,94.7362409535372
22,93.73377829970605
22,93.344496461071
22,95.64741723628634
22,93.44529486552621
22,93.83944983472611
23,94.28558183891352
23,94.0616539815683
23,93.7598235810259
23,95.12260450464069
23,94.20627417314051
23,95.18795474526006
23,94.75926788995012
23,93.9394953160504
23,95.07496925470441
23,93.59637512947154
24,94.69337915509941
24,93.61992431181075
24,93.76906329751871
24,93.63927770704036
24,94.26315720547689
24,94.92410966116086
24,93.53373370221618
24,94.83812415000669
24,92.88765153548873
24,93.23048101315621
25,94.05464246150227
25,92.93827384471246
25,93.76056517184864
25,93.34940775466102
25,94.69429703422327
25,93.98520731245559
25,94.136492270883
25,93.22644119592036
25,92.17050891232883
25,93.92153244335401
26,94.33777368114579
26,94.3345390087193
26,93.64044387351753
26,94.1587452726335
26,94.58900082357785
26,94.03232312653286
26,92.24221467249224
26,93.92167264383193
26,93.79065233011784
26,93.91344596766479
27,94.2004378787842
27,92.91708484647866
27,93.14607256099399
27,93.49071091510423
27,93.11903888757136
27,92.97788392099879
27,93.77624939262667
27,92.85157559189695
27,93.96784100140896
27,93.28787850080082
28,93.72147131499803
28,92.57294921563887
28,93.60314319511289
28,93.44476443757628
28,93.74698082879411
28,93.72518417925014
28,94.09996085329242
28,92.3649144682498
28,94.17190865877087
28,92.39727708052821
29,93.78466437935215
29,92.2375270658781
29,94.05611195351908
29,92.85189551461063
29,93.10287283048818
29,93.55581074350435
29,92.56475509782241
29,92.51935172345205
29,93.13443101394185
29,93.18412987094415
30,92.13337793310656
30,92.45164325426177
30,93.40953997425278
30,93.91895999427717
30,93.50123126000632
30,93.01516317773417
30,92.45305939083146
30,93.90514503292715
30,93.04145277369707
30,93.57175194813105
31,93.58175593017884
31,92.79525389700457
31,93.78522618288254
31,93.05318489997275
31,92.12981434358211
31,92.56855016229147
31,93.12445206741171
31,92.82305893314712
31,92.71836166926025
31,92.86920109718301
32,92.78989336242908
32,93.42386013934907
32,92.65216482398982
32,91.93149753337173
32,92.54630659581878
32,94.28948659759983
32,93.99789076890383
32,92.4603475304554
32,93.12762114083814
32,93.4789960217809
33,93.20233764736304
33,93.58337563315618
33,92.70072309974104
33,92.90230144589077
33,93.6289563287172
33,92.69559644123923
33,92.71622979063407
33,93.09684296298833
33,92.83179799451077
33,93.38676232125547
34,92.77163076273946
34,93.58156748803601
34,92.37481595268831
34,93.51556485331693
34,92.73647888594716
34,93.06550762590966
34,93.00586441277585
34,92.71993497865418
34,91.75330134918495
34,92.3148090785174
35,93.59595162407278
35,93.1188539589447
35,92.5922855084813
35,93.11998143720245
35,93.14438350898969
35,92.68711486898891
35,91.99668209286148
35,92.46123470007414
35,91.70357835705228
35,92.6635325288053
36,93.37634573541581
36,93.27980408609626
36,92.19706757464256
36,91.81813071869546
36,92.51717486961542
36,92.5754778661736
36,92.86370294648385
36,93.34620702216316
36,92.86893847311892
36,93.09152741354849
37,91.14926276206472
37,92.94512275031754
37,93.46508489081702
37,92.7686455841459
37,91.54314577036911
37,93.40732566428663
37,92.41630561545672
37,92.10465131605694
37,92.62790402787545
37,93.41632885355753
38,92.06253807205516
38,92.83689980400419
38,92.29450441811092
38,92.42276672784723
38,92.01676138054076
38,91.94593987527959
38,92.08749455014362
38,92.31824118298854
38,93.20240325795194
38,91.6469824468298
39,91.82162318596278
39,91.46443677849575
39,92.2094786169087
39,91.12697329410867
39,91.9457579614072
39,91.87192159311472
39,91.40855424869162
39,92.38638620136574
39,92.16583810244424
39,92.97585986343225
40,92.05374042640744
40,90.80244683044944
40,92.4964270551696
40,92.22978926682819
40,91.82099409793823
40,92.06250626170703
40,92.53408665886595
40,91.59901327041212
40,91.76661279427488
40,92.31122190362167
41,91.34150051665944
41,91.80261425649881
41,93.09312412870133
41,91.58799716628401
41,92.41892841944083
41,91.98030337810943
41,92.24530679304226
41,91.71318880841052
41,91.11289244705316
41,92.82746870591717
42,92.11156855441874
42,90.68895390229432
42,92.69089622405696
42,90.70695242860832
42,91.58148338882712
42,92.15390357512338
42,91.38025934741619
42,92.04649771047626
42,90.9055691780429
42,92.24636894968732
43,91.18367305770704
43,90.7832190752859
43,91.86115543813057
43,92.4061686214004
43,91.93366627801927
43,91.6017383511095
43,90.5830882939425
43,92.11702182170399
43,92.38072470461177
43,92.20202207351088
44,90.93155342181468
44,90.62567337439019
44,90.02055124704948
44,90.6567411250215
44,90.66744799858616
44,91.59922401709632
44,91.20700078278608
44,91.26874962598885
44,92.12772873399086
44,91.44556797585236
45,91.32611416357167
45,91.77979615108482
45,91.51826396018457
45,91.45152950253667
45,91.12829786409435
45,90.01144697156282
45,91.41174368692108
45,90.28483177016838
45,91.50901675678838
45,90.9797259656781
46,91.08234470985923
46,90.81238218463731
46,90.57499704007527
46,91.09723115689778
46,91.11404455111048
46,91.02044324081595
46,91.00888569666338
46,91.43683179350911
46,91.02735609278811
46,91.03700955064862
47,90.95142499450996
47,91.8953364995466
47,90.15668685634697
47,90.88236509806971
47,91.050326892279
47,91.27319625993684
47,91.41606917807785
47,91.56259238673256
47,91.81456776205657
47,92.2395580256773
48,91.13759505362282
48,90.44422663229822
48,91.2154236692402
48,90.43134150399949
48,91.6340709773469
48,90.48799552456313
48,90.98129141654722
48,90.7960591858883
48,90.14356174204609
48,91.05273410276541
49,91.5533118728455
49,91.77261942738704
49,91.70623698420484
49,90.98071697949986
49,91.89453714884294
49,90.65300405344729
49,90.46285498851111
49,91.03390160031856
49,90.76507523625865
49,90.58931503904756
50,90.90356804552265
50,91.2004303707279
50,90.05276133855453
50,91.48135345310496
50,90.42155791732573
50,91.22657226370744
50,91.76669790687967
50,92.26025648034717
50,91.14261808236716
50,90.71930856211756
51,91.28156593212844
51,90.98474716278182
51,91.04351465113245
51,90.20870698740457
51,91.45654447504853
51,89.79245974485157
51,91.19941731527025
51,90.38096215621913
51,91.4825074103128
51,90.80544942637651
52,90.82947654457818
52,91.16990278023961
52,89.74668242687213
52,90.88406588869604
52,90.35873300584849
52,90.25122823635225
52,90.76777203615171
52,89.99669742083346
52,91.02700711760573
52,91.65018971708716
53,90.25771653396889
53,90.45158969631528
53,90.00440988600695
53,90.142964041892
53,90.50606197609805
53,89.88993895637034
53,91.57707297105009
53,90.34994107069411
53,91.56272611714526
53,90.52072287865455
54,90.54805536208043
54,90.61960655851344
54,90.0669380531889
54,91.228461563191
54,90.78573765696176
54,90.59121005200679
54,90.53151150316214
54,89.52375472379286
54,89.60223581072208
54,90.4173374227478
55,89.99189438386311
55,90.80071357425321
55,91.44873474547839
55,90.52105272860625
55,89.34231582536898
55,90.6385040956875
55,90.4261737818184
55,90.0158280283227
55,91.1552939232962
55,89.70265478105468
56,89.83866887093231
56,90.72253062750141
56,90.36724348847568
56,90.56553977668378
56,90.5662680921151
56,89.51828933467931
56,89.49283438489715
56,89.9704366884271
56,90.05605774771614
56,89.12524676871845
57,89.4165757294729
57,90.50148273307943
57,90.44671892000068
57,90.10272884647678
57,90.49900805786652
57,90.76543667879969
57,90.92972833048172
57,89.85581105364956
57,90.09693932111884
57,90.35581009785555
58,89.51247065354919
58,89.96692767083104
58,89.5857395200852
58,89.48170846374451
58,90.33005704586589
58,90.40837640117378
58,90.67865009631801
58,89.14603334486969
58,88.4471303465251
58,89.24519015420877
59,90.08884131538673
59,90.31782965077309
59,89.0390619132284
59,89.79045033894566
59,88.69944046035533
59,89.94848400871366
59,88.33804050984254
59,90.13523864438054
59,89.90326476845561
59,89.09077072016127
60,89.48922594532027
60,88.51515750422013
60,89.3200033205875
60,89.76029360221989
60,89.75151918062562
60,89.91899212891586
60,88.87889727466045
60,90.01731489306663
60,90.24866539070658
60,89.47663930338553
61,89.54935854343888
61,90.12183141428415
61,89.30271822566004
61,89.96737487481144
61,88.60862174631386
61,89.9818003616012
61,88.94054344139613
61,89.93028168011142
61,88.9615337437144
61,89.23870873503827
62,89.13383622567105
62,89.53396750048248
62,88.96857501053596
62,89.12346665510374
62,89.19487832862549
62,89.45727121227027
62,89.61034477848602
62,89.7918046636321
62,89.40585744388606
62,88.11641338944312
63,89.0558606893684
63,88.95821581307446
63,89.00034010966378
63,89.56743586194516
63,89.16443926740251
63,89.01244555375277
63,88.81285977699156
63,89.03931964885737
63,90.40259599980618
63,89.19298457410801
64,90.11935779707734
64,89.88630173923193
64,88.45103203556845
64,88.1052093264364
64,88.26423560182924
64,89.09015100318433
64,89.81043744479932
64,88.8940324708385
64,89.00763131704483
64,89.0183071742978
65,89.73590737472132
65,90.2495984669713
65,89.27524157795818
65,89.59257478661453
65,88.96775234522283
65,90.06871196328568
65,88.634967276979
65,90.0430730683324
65,88.67479805234507
65,88.83893485011136
66,88.39681076557542
66,88.47308485512264
66,89.88023615164468
66,88.92412126217131
66,88.96241244014047
66,88.90626458307038
66,88.4638810959883
66,88.56365888496688
66,89.32902152867341
66,88.44742869447614
67,89.49014463027449
67,88.46755982562374
67,88.74011685645368
67,89.51493359566425
67,89.5346432041753
67,89.34295356596488
67,88.88981516981961
67,89.30337597727608
67,88.12329277585745
67,88.80294088580524
68,88.69335429828075
68,88.66972905371402
68,89.17100701304159
68,88.22050961003171
68,89.43912008809293
68,88.86782938505557
68,89.94802077175032
68,87.73835664867303
68,87.56565105418368
68,88.81008001964827
69,89.889940715373
69,89.48844455425512
69,88.77341313303626
69,88.36919912540004
69,88.71019486835522
69,88.53830560736597
69,89.31894061880753
69,88.75864466601237
69,88.0203253401373
69,89.28527562089525
70,88.02486764741656
70,88.52610431601067
70,87.42489077160627
70,88.14522022660476
70,88.7969337295277
70,88.09659411946296
70,88.680358455007
70,88.0552454543631
70,87.93714402075133
70,87.87356128508894
71,87.94289198635063
71,88.77280466372694
71,88.42810463907766
71,88.48806214201804
71,88.22849129070403
71,88.52422547149527
71,89.11426363787268
71,88.53966111732251
71,88.09409017826829
71,88.84952134676507
72,88.8332074878129
72,88.71208963292612
72,88.42051719518254
72,88.11771806933407
72,88.01487472123671
72,87.84094828808786
72,87.44304503777495
72,88.6416029021487
72,88.12579770209082
72,87.48433603260035
73,87.55515238307522
73,88.00468669625789
73,87.96462820852399
73,87.47922019158919
73,89.93358524515315
73,88.44209991313711
73,88.38209673967205
73,87.64168771065742
73,88.2421133152293
73,88.75470825980636
74,87.85627030123713
74,87.91714511802066
74,87.89262337433131
74,87.17565812703715
74,88.03269910427194
74,87.73313411295597
74,88.0336300904727
74,88.20002481556158
74,88.79129722198343
74,88.20592746319589
75,88.50601198211187
75,88.09708077058357
75,87.53884719622627
75,88.57365670505487
75,88.12008906934626
75,87.37818098908546
75,88.58762863871239
75,87.97252356204453
75,87.89780632052188
75,86.88426564068268
76,87.56024056384845
76,87.87771979079632
76,88.94326986005643
76,86.61806741163606
76,87.6871820330826
76,87.28111400676451
76,87.79620653554326
76,87.97788819889932
76,86.99407446301545
76,87.88913496174243
77,87.83770593290629
77,87.47272225320982
77,88.90751797735848
77,88.28560119189169
77,87.1005130192812
77,88.82416111124502
77,87.86373461416115
77,88.09447532776471
77,87.40263523280525
77,88.14943222768356
78,87.50945092607617
78,88.11484502523787
78,87.28558396864831
78,87.74926372678067
78,86.71597541970294
78,87.95441942133189
78,87.48015445092909
78,87.49106851344814
78,88.01656234127894
78,86.94259513060804
79,87.42759115320287
79,87.1005109769242
79,86.84931344263492
79,88.0316801504533
79,87.44399353279029
79,87.6416711966746
79,87.65119261773737
79,87.46184719656954
79,87.07082912615085
79,87.08501266993359
80,86.89908514869825
80,87.70893774878567
80,87.13240145239347
80,88.12038977728194
80,87.90212403365197
80,87.30368932616713
80,87.96349346767562
80,87.06236568107748
80,87.73743170372663
80,87.91410653855645
81,86.62114088347924
81,87.07751555143544
81,85.83165602082565
81,86.28927307572295
81,86.11060418972309
81,85.6549327685872
81,87.51586994275547
81,87.42227112662292
81,87.39150122494057
81,86.58089034004229
82,87.38826765975963
82,87.10633255901651
82,87.658093336994
82,87.02348210087071
82,87.68728155087916
82,86.89374112473713
82,88.03921554620823
82,87.57459933534582
82,86.60184723186372
82,87.15001392031625
83,87.35246036032397
83,87.45381370679672
83,86.81230980399526
83,86.88230834029373
83,86.6417288229022
83,86.98742265825071
83,86.56590942564644
83,86.4820153814567
83,87.08680957052539
83,85.80379958123964
84,86.65641097956754
84,86.6145098253659
84,87.25123824103427
84,86.6851579835991
84,86.84392382549308
84,87.30168848322289
84,86.03456141620427
84,86.74254227033315
84,87.90837567618696
84,86.30194192531174
85,87.18441391167015
85,86.85086376956612
85,87.06777110624428
85,87.46629374323665
85,87.04139684467283
85,86.88710810113362
85,86.27849020860538
85,86.86808388370898
85,86.43643592310961
85,86.73115673514714
86,86.06245544596625
86,86.13186792672371
86,87.17519667953616
86,85.25581265963025
86,86.84782641498572
86,86.65374803507345
86,85.75113101160056
86,86.57875036464642
86,86.42654399174606
86,86.09820392699423
87,87.30063403085526
87,85.89823196596892
87,86.52691928848174
87,85.40162668505312
87,85.64327076624942
87,86.98568375298798
87,86.08576179853765
87,86.3047216190813
87,87.07319319927258
87,86.88585648960702
88,86.45501226153888
88,85.94546667724669
88,86.61680259556292
88,85.90456816895309
88,86.57003148851264
88,86.43676524810463
88,86.22299612803313
88,86.1288976240509
88,87.04788419754821
88,86.52908177463225
89,87.11687618277011
89,86.46664054860247
89,87.3352548839929
89,85.63748223500723
89,85.99928922848721
89,86.53675234185002
89,85.81955811116494
89,86.97546957797226
89,86.77358324871355
89,85.09859704403769
90,86.26448609592445
90,86.10928186356618
90,86.66492619925657
90,86.32861226223827
90,85.89915742277887
90,87.36414554709071
90,86.41856799051261
90,86.55496746516013
90,85.7564530076767
90,85.9417427902651
91,84.65829444241513
91,86.06306051062613
91,85.50860959976376
91,87.32124881566455
91,86.74602254591271
91,85.5567109042387
91,85.61080236051176
91,85.84056283669787
91,85.94718810933864
91,85.15111785495834
92,86.55721406898707
92,86.77446892520359
92,84.72472191601827
92,86.21530742861741
92,85.62298267815487
92,86.13486027152318
92,85.95062874138446
92,85.66905652754045
92,85.59558296105469
92,85.26803121053152
93,85.11954621123813
93,85.07590062242956
93,86.36892531205937
93,85.72296330400971
93,84.71345796865812
93,85.01669534234378
93,85.63162231588461
93,85.5894251492672
93,86.27619169367902
93,86.31544737716352
94,86.71657389999234
94,85.4441659392655
94,85.86883857959694
94,85.1686825995859
94,85.77613611258825
94,85.47884850364942
94,86.03709642309244
94,85.68732232228434
94,85.70139406344504
94,84.82647528741126
95,85.05038789513803
95,84.24766509863687
95,86.09992970276467
95,84.51749789557363
95,85.80210753987294
95,85.73071352909763
95,86.33759952917428
95,86.00352462543988
95,85.52642305626098
95,86.03421741670044
96,86.38279941603538
96,85.41408461198489
96,85.77849527122675
96,84.79723145535654
96,86.23155862700115
96,85.53288791208699
96,84.77646938948794
96,85.81202387199168
96,86.20167109858265
96,84.75609636599138
97,86.29944133033285
97,85.08041740363491
97,84.83369940471013
97,85.12943803561879
97,85.24034958076575
97,85.1077210851201
97,84.38598590156354
97,86.51012980310362
97,85.02489473884168
97,85.86790538509113
98,85.28692882456433
98,85.75320800612894
98,85.17025269611509
98,86.2343061749172
98,85.34784945346772
98,85.68249851274
98,85.39831510202504
98,85.46277377426972
98,86.62180981916553
98,85.19810105586055
99,85.14796348111275
99,85.55347141964984
99,84.43745938892832
99,85.6250064012975
99,84.1652618481005
99,85.23545531841525
99,84.48723326901666
100,84.22199289816015
100,84.94922337902271
100,84.88576692114303
100,84.68049661239519
100,83.89602111726055
100,85.08737122731418
100,84.54606780042263
100,84.8332285216072
100,84.63831743767354
100,84.77754583561281
101,85.8302268015741
101,84.30115632490102
101,84.50881185918988
101,85.06020839063133
101,84.86344537074537
101,84.01992135613003
101,84.11657645295843
101,84.52405900453519
101,84.69757942231423
101,85.74370222774202
102,83.73677893994622
102,86.32128590185405
102,85.49986739661433
102,84.64545899465156
102,85.59345882713318
102,84.99241936559157
102,84.9050743316697
102,85.56020553182266
102,83.70678108126492
102,85.16206056078985
103,84.33577155031169
103,83.73192253369962
103,84.4091394291231
103,84.72746118067909
103,84.55242491806877
103,84.72576502062785
103,83.72557089321249
103,85.66530600475083
103,85.92388412102477
103,85.20795193867338
104,85.11203021001876
104,84.10297861597472
104,85.09242679148478
104,85.55743906503245
104,84.96479097443057
104,84.58435391926548
104,85.58944976445653
104,84.199579364035
104,84.17089318624448
104,84.97900181604969
105,84.3254460186301
105,84.05373087262826
105,85.29775936219886
105,85.89114535804833
105,84.68742514436303
105,83.47281361655321
105,83.28979830253851
105,84.6423463140009
105,85.16520486417602
105,85.25644733854793
106,84.83459406748388
106,84.511363368911
106,82.63726201203575
106,84.35239060734179
106,84.23191351754657
106,83.90136090208979
106,83.89101478298149
106,84.33443677902994
106,83.63157644478362
106,84.94808246647169
107,84.84262637082442
107,85.08237425441625
107,84.35081985649767
107,83.7401818669459
107,84.0136427052948
107,84.14279411892369
107,84.31445119885814
107,84.54345938061084
107,83.27301720461853
107,83.71403912140246
108,85.06866628003712
108,83.87015985092681
108,83.6347934665747
108,83.76859354813097
108,84.33168124449665
108,83.96776179881034
108,84.19432022680859
108,83.91888793372276
108,83.63259861975723
108,83.93996297683536
109,84.59168840119221
109,84.41301384432506
109,84.42596324098291
109,84.81743673455094
109,83.90128523118959
109,83.97083153556075
109,84.30970655041311
109,84.76068549285787
109,83.99168604539089
109,83.9466792889134
110,84.58802930790907
110,83.46924244471568
110,83.81761893207697
110,83.6235606451271
110,82.45944306347096
110,83.40411836324861
110,84.65482094362822
110,84.22615841644891
110,83.52692123270232
110,83.71344591691164
111,82.46869047578306
111,83.71435608547891
111,84.1166461794115
111,83.34330431559371
111,84.06935647624097
111,84.75657742993607
111,83.10499035747581
111,83.67016847140643
111,83.47303909899985
111,83.03071922177007
112,83.16828481824416
112,83.50119106722306
112,83.73307325547312
112,83.74431202565195
112,84.47413291118045
112,84.36858112567916
112,84.90387447349906
112,83.96790952837438
112,83.47933154214871
112,84.65424888192395
113,83.80600530890251
113,83.96120536825762
113,82.83988592449838
113,83.77991212119666
113,84.09380316336258
113,84.20483690170119
113,83.64151234652432
113,84.0233152662256
113,82.7304977652227
113,83.75279274869874
114,83.02965795013596
114,82.8771804909456
114,83.52324083434087
114,84.24663858538295
114,82.81563225129766
114,82.91196870228225
114,84.10466204437515
114,83.64699461720888
114,83.28921700159995
114,83.26969114207334
115,83.85615381108936
115,84.44990726988864
115,83.28271664141799
115,84.52277687858741
115,83.72579255683469
115,82.86709221958888
115,84.12531478794472
115,83.69775514323798
115,83.74218606697103
115,82.71491143289482
116,83.9968101681123
116,83.13431729936495
116,84.3378337989497
116,83.29311338527476
116,82.53953472692253
116,83.81647734318986
116,84.209801055079
116,82.41910299889419
116,83.38498959588489
116,83.55486823447164
117,83.3450744379401
117,82.92110894444383
117,83.81258046282527
117,83.00188580240628
117,82.62065014569508
117,83.20258405497876
117,82.35450391577386
117,83.0108712224206
117,83.60096974451147
117,83.03587528464817
118,82.88747233055419
118,82.84825329662739
118,82.69798679087044
118,82.59623225196412
118,82.80544606246735
118,83.09922955310542
118,83.12946674201831
118,83.47469979557431
118,84.67733250804244
118,82.97715853134419
119,82.75165953915152
119,83.15200727885674
119,83.37781653829475
119,82.73370639982282
119,82.91767264431611
119,82.12529619241118
119,82.58241415189124
119,81.98478229510172
119,82.86945670158741
119,83.49439062198424
120,83.28783821008963
120,82.53145618269522
120,81.98417484507108
120,84.20834330651907
120,83.9144102907101
120,83.33893863134114
120,83.17084980096756
120,82.59894292174147
120,83.5269381095328
120,83.25614634234721
121,82.66751283447712
121,82.53364313197854
121,81.53186385357715
121,81.57456793256247
121,82.29175146164742
121,82.96579458613486
121,82.66131470384758
121,83.81525084479571
121,83.48693736635293
121,83.21663956828773
122,83.00522785925168
122,81.76238205476679
122,83.58366331292378
122,83.03988952351467
122,82.86163305821171
122,82.69745457137032
122,83.33314454283047
122,82.11168193908435
122,82.10867699595047
122,82.36395280810066
123,83.16140489159525
123,81.92790247909205
123,81.90689767473849
123,82.24852426788635
123,82.28967565149897
123,81.99241728905369
123,81.38694226539808
123,84.13973639729694
123,83.78571739501139
123,82.51737040132849
124,82.25522703331946
124,82.18385239026608
124,83.17235909604024
124,83.19098549838141
124,81.76830284341891
124,81.75858508504949
124,82.15083966095588
124,82.56751211482542
124,82.93912988993202
124,81.86464261674237
125,82.7841264097627
125,81.4374279951136
125,82.67694019303353
125,82.33963093138087
125,82.44732467563382
125,83.38774820649071
125,82.07412398540993
125,82.06502654891949
125,82.3869688325845
125,81.46155674003285
126,82.72861988338686
126,82.72400232981609
126,81.82554744965215
126,81.79650449994587
126,81.60622224930609
126,82.65932615354774
126,81.55172935346098
126,83.2990152796855
126,82.94022997611583
126,82.22836622786312
127,82.68270079936521
127,81.52824160196411
127,82.13466364477297
127,83.56668093140794
127,82.5074453548036
127,83.04804395323431
127,82.53511448773828
127,80.5596736930759
127,82.21808642640501
127,82.30974449440434
128,81.05653787209715
128,81.0373054374009
128,82.06525121986148
128,81.19167724438651
128,81.89223355533495
128,81.35869678551171
128,81.83329337745589
128,81.55824858916056
128,81.78558673867693
128,81.46845055052877
129,81.1452195880938
129,82.48020383864205
129,81.582320879949
129,80.88229552061264
129,81.33863892481618
129,81.99832758585944
129,81.90282531825194
129,81.48818766987269
129,82.3032494828485
129,81.90973943193343
130,82.44940836420531
130,81.9280478417023
130,81.4147565803011
130,81.00633439999812
130,82.45525764091354
130,82.63577965190551
130,81.93417897172337
130,82.04479549796035
130,81.5857588009372
130,82.2077570207425
131,82.33790393698376
131,81.1226922630385
131,82.47117991422319
131,82.74589005300017
131,81.02765067517822
131,81.64835120185633
131,81.079498824009
131,81.75840767994336
131,81.45628438970718
131,82.0097028732695
132,81.15341995634829
132,81.3164648109874
132,82.51605622279877
132,80.94080066574436
132,81.81199682447817
132,80.5089733559631
132,81.45475545721219
132,80.21801680726837
132,81.60950423710764
132,81.177199875452
133,81.0488298137269
133,80.67709169234682
133,80.8823621121658
133,81.85645548883747
133,81.4051339705439
133,81.61352011777367
133,80.85717037316871
133,81.51274319939259
133,80.4407967129456
133,81.48136771860341
134,81.62830311817478
134,80.54576740974665
134,82.4977041396465
134,81.50530516227961
134,80.97885342337189
134,81.36996714891697
134,81.08475623264731
134,82.06163604734704
134,80.66134085873867
134,80.63445903194942
135,80.82508646751575
135,81.09770574317407
135,81.74034188289903
135,80.55204362802696
135,81.30623838155601
135,82.41364444402586
135,81.55308691173234
135,81.0862801013668
135,80.44325792377663
135,80.50145483049847
136,81.39931777989106
136,81.04363846948331
136,81.38949705351934
136,80.872795338183
136,81.66490435425425
136,81.42418722336963
136,81.4539597713036
136,80.34957757380435
136,81.49597372626022
136,81.2809280546367
137,81.35767140792696
137,81.31206606862533
137,81.16548484451081
137,81.67635428489577
137,81.01555748892753
137,81.30710062026199
137,81.270044200795
137,81.49969300751788
137,80.17936536330875
137,79.5052005921268
138,80.40864211060348
138,79.85719260814898
138,80.66262086264061
138,80.22550271674069
138,81.7947078711731
138,79.39467090223526
138,79.6426427450034
138,80.58037380330262
138,80.71284359634338
138,80.45905669268714
139,80.33523183641901
139,80.12079599967693
139,80.46120690034819
139,79.87417281615342
139,79.73905024141803
139,81.01265050105955
139,81.08094553443145
139,80.18499586868478
139,79.91804736268742
139,80.67218354971017
140,82.35754047687229
140,80.31699766886182
140,80.73035231393692
140,80.94114493105883
140,80.21946535251115
140,80.27024098402167
140,80.31089682800086
140,80.29065286210665
140,80.44228797424353
140,80.15782069674646
141,80.94999508742688
141,80.90085526565278
141,79.98230884496148
141,80.39397841818985
141,81.25109896227536
141,80.24745026499633
141,80.58841568649747
141,80.56442738098546
141,81.14785207127086
141,79.61345884448366
142,81.53080615419938
142,80.58078010235671
142,80.77103963622817
142,79.84943079767001
142,80.99829224602907
142,79.47506171039964
142,80.97559847080855
142,79.10121885567311
142,80.66594325703792
142,80.61778121606726
143,80.44615688128522
143,79.66600024560577
143,80.08943223156659
143,81.88185224877283
143,79.20131199583282
143,81.1652894740227
143,80.21342919721715
143,80.92443452458724
143,79.6946503204946
143,79.12307115903289
144,80.05566018397265
144,78.30080022709498
144,80.76293166416595
144,79.82563002615505
144,80.82439725889773
144,79.59986428203393
144,79.97020731036469
144,80.37392398152508
144,79.71673240817574
144,80.29351625474558
145,80.11682124737963
145,81.15220991864048
145,79.33156459168167
145,79.62441818172717
145,80.15795842387372
145,80.90112013643159
145,80.35392409456945
145,79.19496586937174
145,79.67856547142509
145,80.48412264335114
146,80.19791180474232
146,80.27927189510238
146,79.38042328629038
146,80.31562055215589
146,80.37318100027369
146,78.91539676361138
146,80.2715104319095
146,79.33800410212316
146,80.21593181122077
146,79.02363624871087
147,79.40521786843485
147,79.43538494340281
147,80.42777756982727
147,80.21095495768661
147,79.81555686675273
147,79.32665073247392
147,79.66125053700236
147,80.6855865826487
147,79.58346555049505
147,80.36951921215551
148,79.78845256230747
148,80.21680202923783
148,79.651519976233
148,79.61579903285003
148,79.81948095936573
148,79.53933308487741
148,79.1379398757639
148,80.69247901041379
148,80.62109286540804
148,81.27217250148027
149,80.27420756991638
149,79.5633065436712
149,79.45581627192678
149,79.184053817531
149,78.38067271950449
149,80.1819197125726
149,79.73406380665948
149,79.80529200343142
149,80.34800281956717
149,78.14075908742525
150,78.54685995889696
150,79.995019231618
150,80.5143199924883
150,78.90285433037198
150,80.11462460568725
150,80.12894002825513
150,80.0957278162064
150,79.51153358312713
150,79.66872922792334
150,79.99036841611093
151,80.10498418245994
151,79.32927536210144
151,79.59302114449504
151,78.62868934534632
151,78.72340559616288
151,78.87132040656704
151,79.35020187934417
151,79.29397588798459
151,79.47575576627285
151,78.91939079372705
152,79.20387922058053
152,80.65584888008746
152,79.61585395155218
152,79.62097400570502
152,79.6821772683897
152,79.62800027994341
152,80.00720454755884
152,80.01136569146861
152,79.51053789940387
152,79.42868771796951
153,79.19835476301948
153,79.2351902183567
153,78.83500794171604
153,80.38323323722992
153,78.93342047487162
153,78.47525877895846
153,79.2141646304366
153,79.53603490920784
153,77.72316330300157
153,78.66129640998103
154,78.97919749748058
154,78.63948669434663
154,78.29714104945728
154,79.58729876972735
154,79.01078813490932
154,79.23640374157908
154,79.10145182598622
154,78.4000798885212
154,79.3595532438423
154,79.87929955073382
155,79.47991246764823
155,78.40130679001373
155,78.10468435888636
155,79.64842880717288
155,79.52529873738143
155,78.92347471209254
155,79.09939077637796
155,79.60133919984628
155,78.564305181228
155,78.76229426796695
156,79.39479461281114
156,78.02551229491253
156,77.96034757949172
156,78.67124206073741
156,78.60552994080922
156,78.8154505345665
156,78.64079186308203
156,79.94514456562464
156,79.71930130991981
156,79.21848725726565
157,79.00035889080199
157,78.13774545501148
157,79.01335255070371
157,78.6335252603161
157,78.41062886942439
157,79.2295815533155
157,79.55656217863226
157,79.32297248875095
157,79.10324669224438
157,80.25764740520242
158,77.59545252931463
158,79.4193097498899
158,79.31264408605911
158,79.22140461711528
158,79.08423353145999
158,78.91235595159561
158,78.29741779975808
158,79.38996113808498
158,78.96959809581983
158,78.26686324739038
159,78.25183916165615
159,79.15676498233033
159,79.38606389560705
159,78.22994268996209
159,79.38892553178253
159,78.4071209184046
159,78.9224471790557
159,78.71375611066402
159,78.54306990975005
159,78.94113397501424
160,78.78775870358106
160,78.2380341744315
160,78.28573858629449
160,78.07290457526135
160,77.65621964205678
160,78.09303987071569
160,78.0482200022794
160,78.80805966157585
160,79.50648849207917
160,78.10168625151232
161,79.01130209798744
161,77.92581529867404
161,78.55129212893631
161,78.44201100410869
161,77.88445040037034
161,78.59323395994225
161,78.72482528749826
161,79.04338638027035
161,78.29310624208557
161,78.44776809303733
162,78.23808758591207
162,78.6895708695554
162,78.02058215107456
162,78.23588442784607
162,77.56243568636957
162,78.25172353247427
162,78.46705172853083
162,77.49957026744552
162,78.99580156308737
162,77.78918278756018
163,77.83630962145355
163,77.61893156328334
163,78.92154855298284
163,78.22164071071563
163,79.23608566304473
163,78.22823460222406
163,77.31774710540039
163,78.05135387137055
163,78.62461771889133
163,77.15026121224417
164,78.030979185617
164,77.41604456536305
164,76.43887324052986
164,78.31010658158398
164,78.16141730020112
164,78.02620779530348
164,78.39791999372537
164,78.60217937096925
164,78.6368337717995
164,78.24969108914657
165,78.24330861278692
165,77.63969382213519
165,78.1331657663871
165,78.07529102608702
165,77.77611403019264
165,79.01270732382895
165,78.26710145867368
165,77.39215726935672
165,77.81323271001918
165,78.8991978246275
166,77.17330795875954
166,77.4445176142875
166,79.74373215828359
166,78.05144818562209
166,77.14164799845913
166,78.83141077449714
166,77.40899034751811
166,77.53184886313022
166,76.95087578726393
166,77.61594092514139
167,77.8101976998264
167,78.37360951034995
167,78.08689887517741
167,77.61847213483823
167,77.03729543048054
167,78.71215991600296
167,78.60779184606986
167,78.16243732173417
167,78.37542300048062
167,77.98508767186362
168,77.58511135032808
168,77.4975498133017
168,77.49778692244969
168,78.03674885333307
168,77.65861979560353
168,76.4189410929553
168,77.77214665942722
168,77.55166468125894
168,77.91036025283853
168,77.44564210795068
169,77.80225534645997
169,77.70011789075187
169,77.26614702276639
169,78.12500329711219
169,77.6217068789543
169,76.86767223143124
169,77.94261610450417
169,78.11959307600034
169,76.10556873659407
169,78.63969090783726
170,77.4239411075189
170,76.74398582314403
170,76.27849872176998
170,77.55324108333893
170,78.19589514094494
170,77.02604634948543
170,77.87797181381231
170,78.08913989175234
170,77.7158937028232
170,76.96872285114719
171,76.83495737086606
171,77.01205710842207
171,77.34715884890092
171,77.66208100982833
171,77.04891046086719
171,76.66672405478504
171,75.8921362503716
171,76.06880757687811
171,76.69928134552416
171,76.87062060852645
172,78.39028367610055
172,77.38423370032862
172,75.39197709639186
172,77.85939501860152
172,78.2325531781825
172,77.28852981716686
172,76.274664548535
172,76.73312886570005
172,77.97797955015862
172,77.82076853500071
173,76.02568395072531
173,76.42936371700078
173,77.35173193810428
173,77.61119341473997
173,77.49347052488554
173,77.75632581245533
173,77.14838421356085
173,76.53223283514839
173,78.19193344407958
173,77.25167038196325
174,76.83432223293435
174,76.66266692235854
174,76.7493502902551
174,76.18106046515439
174,77.73479918540414
174,77.60393096977835
174,77.61983702546004
174,76.27353211363088
174,76.93990268349751
174,77.33304124547843
175,76.21270148059759
175,77.97393909760244
175,77.59493880599841
175,75.69585869444052
175,77.52386337388334
175,76.35459498013944
175,76.52301977155919
175,77.20668273663976
175,76.6856048123834
175,77.47574122106184
176,76.53587483908754
176,77.49135061784102
176,77.15445135786368
176,76.94541653754311
176,76.26060341760554
176,76.62553001713437
176,76.20357731658612
176,75.71349239703333
176,76.7347458388679
176,76.0982376485103
177,77.30863785249365
177,76.59237891630967
177,77.18660228495591
177,76.51086709488139
177,75.86391801108012
177,77.27658746511756
177,75.8251955008632
177,75.87966089817044
177,77.04376635666884
177,76.54658419422253
178,75.65986045299931
178,76.88466702036065
178,76.19323084362996
178,75.74583015823468
178,77.71028333622854
178,75.91328289767576
178,76.34189727968757
178,75.82486512225363
178,76.76011033996754
178,76.45775278298167
179,76.68170378071073
179,76.30785974816261
179,76.79849653947566
179,76.85795242347524
179,76.4815243958844
179,76.70908979982946
179,75.93621085148433
179,75.68510855503871
179,76.32396337057378
179,74.9648309507424
180,77.14757486914168
180,74.32911152902885
180,75.59390911865684
180,76.26956121236229
180,76.79475377309417
180,76.46399553640008
180,77.04628051603729
180,76.84492946471757
180,76.79461234780356
180,76.03139108610425
181,76.02665343497141
181,76.06838740556921
181,74.9148030070749
181,77.99579480104988
181,76.71941296360069
181,75.41689611865705
181,75.51760567446097
181,75.40585895605041
181,76.0560149355045
181,75.78628420426206
182,76.56588217186292
182,77.28983069308912
182,75.97802643554813
182,75.50839471555636
182,76.50062002107293
182,75.21845909264086
182,76.18814431472549
182,77.17061438593556
182,76.11414123489132
182,75.69182192308787
183,74.62661041608105
183,75.41790889795317
183,75.20319367184051
183,76.47993691645185
183,76.34560616821831
183,75.39016499557343
183,76.11459459076613
183,75.54987198948233
183,76.47852178475522
183,75.95389937713361
184,76.17596702524595
184,75.7396655915669
184,76.14401823406398
184,76.50544847516723
184,74.85616201493308
184,75.40877138976036
184,75.85773203549489
184,76.27684401377759
184,74.57650144464162
184,75.34539899988368
185,75.52669958747059
185,76.18983693368376
185,75.76316186189682
185,75.75414354835823
185,75.89647376560947
185,76.2959670161714
185,76.76535421454695
185,75.6899509238287
185,75.65863575060669
185,75.7459184781467
186,75.40723698954434
186,76.05613487445532
186,75.38322452847608
186,76.63104422624617
186,76.2414508102559
186,76.11082971191068
186,75.31699535461772
186,76.1386463405883
186,75.94631407204095
186,75.97066469473279
187,75.68800673791037
187,75.43946551759922
187,74.67414492725763
187,75.7669178104378
187,76.39033999921412
187,75.01330181092536
187,74.49524384112873
187,75.67942768137283
187,74.67705581916975
187,76.58101709635793
188,75.56655639330413
188,77.02007734400433
188,74.69523098037041
188,75.64661819781821
188,75.85072813077372
188,75.66080665777066
188,75.40715846730664
188,75.53522136469051
188,76.46212174290655
188,76.30400259351731
189,75.7663466274599
189,74.85677707995875
189,74.21149414335764
189,74.91012399978888
189,75.62867928994244
189,75.2457654830088
189,75.80335545044449
189,76.24115253880306
189,74.96058379965966
189,75.34182693113787
190,76.3163089506461
190,74.83537774835587
190,76.57464486518906
190,74.46809414637272
190,76.6342636087664
190,75.55403026066428
190,74.34025034991252
190,74.8793928375638
190,75.01453876632753
190,75.0530526300593
191,75.69257950170407
191,74.84115347449884
191,74.76070444562471
191,75.37118222438586
191,74.58758050749523
191,74.72467867548033
191,76.4610899939114
191,74.18300768215747
191,74.8004108354284
191,75.35635110650063
192,74.3930264352906
192,74.6763329217436
192,74.88722987629869
192,74.63824781101842
192,74.56513902752118
192,75.03277186658983
192,74.34393748295335
192,75.17671345933672
192,75.84916064141856
192,75.5751884995922
193,75.34816830094681
193,75.19735490267087
193,75.26599044697959
193,74.0691937443733
193,74.51323704709196
193,75.4862133701591
193,73.90878143243665
193,75.56085811462833
193,74.82615771611302
193,74.76937465535303
194,75.84578712057683
194,75.2600859160234
194,75.58677482187073
194,75.09497414634838
194,74.69316717184444
194,75.33063787173113
194,75.5429063715609
194,75.2429358489808
194,75.28249847542344
194,75.08460862343671
195,74.61891451973932
195,75.14301899970958
195,74.35362755552553
195,74.50590106227654
195,75.77811460123121
195,74.05031669010773
195,74.70089624842379
195,74.79867841814772
195,75.16915926390134
195,75.89215894195289
196,75.50286271508241
196,75.2408657563399
196,75.52359878877576
196,73.8559581474782
196,74.66781701188515
196,76.02011555637394
196,75.28021230727677
196,75.90218008642815
196,74.49398297923616
196,74.56973847871335
197,74.28234536260028
197,75.14650157813793
197,74.55555353369299
197,74.71463137532768
197,74.11672478260081
197,74.74475640290747
197,75.5011476129596
197,73.71909005995005
197,76.23408545503793
197,75.53637612026345
198,73.9248155341819
198,74.32673325119214
198,75.1242244193271
198,73.60645723732802
198,73.32227335460753
198,75.1423635436965
198,73.33245019467321
198,74.56168598189363
198,73.1960072423125
198,75.28311428352671
199,73.17725158389919
199,74.98894065130068
199,74.5153233352102
199,75.3126198524606
199,74.12776162379194
199,74.53104737612996
199,75.45641948063808
199,73.59572066142623
199,74.60965859824394
199,74.45117294546719
200,74.07916571576422
200,73.82691834770348
200,73.8966416479207
200,74.24123488093949
200,73.38494491378458
200,73.11245961074344
200,74.33783494083096
200,73.90781718633056
200,75.15401240143
200,74.57937361758664
201,74.76837455708004
201,73.79848694346065
201,75.30858389148052
201,74.90009061419015
201,74.71658546708426
201,74.99548666926785
201,75.05345334705018
201,73.84796134047772
201,73.78068910223222
201,74.24607565950782
202,73.7889029506951
202,74.90994253689263
202,73.542457065922
202,74.64246636552005
202,74.55613709525004
202,73.13657508822494
202,75.22421471550615
202,74.19254199201313
202,73.29881664436238
202,73.50056405023862
203,73.50756313733075
203,73.96533260858502
203,73.60300845271483
203,75.01152983787235
203,73.621545660576
203,73.54368980092597
203,72.62253841322749
203,73.78674104070987
203,75.2596672877266
203,74.2244507366642
204,73.80917382684454
204,74.46077658660143
204,73.12958663534407
204,74.62608616132098
204,73.46686544921151
204,74.0758315212247
204,74.03439820591434
204,75.4653873029844
204,74.75558252809195
204,74.05527018197868
205,74.1907941977995
205,74.49016540716566
205,74.38705353418607
205,73.57981480008038
205,73.71288463880661
205,74.59857411589891
205,74.72313079920158
205,74.08745284997224
205,73.54409069919194
205,74.69326718423547
206,73.21607977748738
206,74.27567229756022
206,74.25103737801426
206,75.15831275270966
206,73.86318606723002
206,72.43318504806143
206,74.32714860278311
206,73.2473692348004
206,73.44456966110691
206,74.90709165574039
207,73.477219721317
207,73.8985221859129
207,74.3250743794984
207,73.12886992591136
207,73.44449575278118
207,73.21110716694609
207,73.7764070205287
207,74.39619148744318
207,73.13886290699662
207,73.69252854556082
208,73.31935415021674
208,73.7371218535219
208,74.08547449329248
208,73.0440817574819
208,72.03013400433291
208,72.79229821053715
208,73.55371256633869
208,74.33016093539865
208,73.20347487938521
208,74.09640028595625
209,73.16340871997905
209,73.88433843604263
209,72.56456869545721
209,73.84559983403223
209,72.96441101618754
209,73.22511423458855
209,73.19099100719274
209,74.29543454101118
209,72.97397883171266
209,74.41286628639847
210,74.16681321589321
210,72.3932674544871
210,74.23777419369108
210,73.5866377902514
210,73.84925539312958
210,73.24391627685453
210,73.25786513805956
210,72.20985565749693
210,72.81577414958545
210,73.27510611049212
211,72.95522337218347
211,73.84544624515523
211,74.09088826660403
211,72.98868749190217
211,72.61645742284134
211,72.62215417438529
211,71.74004399398275
211,73.95412388956744
211,73.41570154648491
211,73.25707589989958
212,73.14476871911603
212,73.95239939272798
212,73.5090380737461
212,72.28983036689152
212,73.64158371069607
212,73.16229712569074
212,73.20910243442098
212,72.70013856039675
212,72.46867412204482
212,73.53037641281269
213,73.50836012201499
213,72.67689441697354
213,73.25014378879004
213,73.39143506159978
213,73.66324296674091
213,72.62235923248888
213,73.50919452688971
213,73.7513974393495
213,72.97368981300681
213,73.82102190468667
214,72.05452081301627
214,71.89495017518288
214,73.6464846746526
214,72.7785361685819
214,73.14730300025238
214,72.37551288873964
214,72.71292643360118
214,72.40048602714828
214,72.28110742050498
214,72.65222462379391
215,72.88243300352775
215,71.65464767115131
215,72.6380665724639
215,72.13752794059438
215,73.03720926342498
215,73.29811256277232
215,72.1555315002543
215,72.24438816618826
215,72.87980002055546
215,72.77379087426453
216,72.45746165409322
216,72.87066046009531
216,72.75466997856064
216,72.89903703807481
216,72.74054686162822
216,73.41374991370103
216,73.00972747592775
216,72.54930290459099
216,73.3706296931759
216,72.62149784566151
217,73.4951622098926
217,72.4645859810792
217,73.31261387253295
217,73.10133562823617
217,72.43588525838511
217,72.70187790506652
217,71.8795075572318
217,73.04702566095152
217,73.81236583855788
217,72.75582406244726
218,72.18885167531683
218,73.62540748486909
218,73.12035143488767
218,73.12153216798579
218,72.68604873132074
218,72.27855567905074
218,72.26080898021632
218,73.05441047273104
218,73.01072820612065
218,73.14839242355417
219,71.94468857888043
219,73.14718175439755
219,72.1503177248654
222,72.16445026951939
222,71.54736592646499
222,71.8875688530415
222,72.07800954571474
222,71.8314950911528
222,72.08571025306887
222,71.28669791525081
222,71.62601390554592
222,72.45462489395922
222,72.1493940600281
223,72.8012716075971
223,71.29198001807103
223,71.82995524217995
223,71.46038513085078
223,73.0935075962218
223,72.46861695947226
223,72.24102096303304
223,71.62823316089974
223,72.337402125853
223,72.51734498451724
224,72.09813781120297
224,72.0242925281015
224,71.46223275542638
224,71.93961857082394
224,72.19499142242604
224,72.46677425576277
224,71.78291481041704
224,72.66437624878911
224,70.88113988447057
224,73.26299174061545
225,72.38921787688669
225,72.05047163527757
225,71.30559321796326
225,71.30958333565651
225,71.22268058808237
225,71.02470087049102
225,71.86834553569038
225,71.22810923157462
225,71.71393817172506
225,71.06408497138756
226,71.6031932825844
226,71.26483281203477
226,72.34247678774169
226,71.93641397817568
226,70.74097002277215
226,72.23728513306106
226,71.7603634255919
226,72.39301197892057
226,71.4824184558556
226,71.36741984335234
227,71.49832193451483
227,72.6174256549623
227,70.31859252257019
227,70.90389504849898
227,71.22227703928814
227,71.57465641812182
227,71.4282294433737
227,70.67962888564172
227,71.63346216558783
227,71.57168862322663
228,71.88197382415649
228,71.09299472616718
228,71.605427767177
228,71.55144969635141
228,71.39879213382865
228,70.87965360365385
228,71.71939048129904
228,71.76702830731591
228,72.15477397832551
228,70.52753753610999
229,71.87555864303559
229,72.03589742882151
229,71.17698212139881
229,71.16309357431977
229,70.53616833211575
229,71.35751288388572
229,71.83454712913851
229,69.75569762677183
229,70.8901705122739
229,70.7253998820578
230,71.08335462845227
230,70.22859954847951
230,69.74361358295074
230,71.04591865303091
230,70.13385464691974
230,71.45371699150164
230,71.55465107959316
230,71.54438257192997
230,71.58537133914432
230,71.25407209185362
231,71.38037849510506
231,71.13697936805508
231,71.05631540101378
231,70.42532675839102
231,71.1091909545236
231,71.17435145000704
231,71.0525818273277
231,71.00650215829967
231,71.1274536305167
231,71.4344584351176
232,71.39997490737137
232,71.3298166863662
232,71.03366207358093
232,71.57245258757492
232,70.24699060239652
232,70.61027970363378
232,70.52103321963014
232,71.36251093452934
232,71.46874275871028
232,71.40393830337563
233,70.22546394891206
233,69.98715273808416
233,71.090005289378
233,70.66596576570575
233,71.79303680293371
233,70.69929521635117
233,70.77150049300522
233,70.5592879164232
233,70.94025248821517
233,69.65941394972513
234,70.91268343692477
234,70.24209064405896
234,71.04225359197423
234,69.94369199546038
234,70.98501371645057
234,71.62604940754976
234,71.25000326174928
234,71.3081833271391
234,71.04937741458247
234,71.25255048554376
235,71.09257447376763
235,71.39508286814986
235,70.22544401786358
235,70.25591962502396
235,71.21805879714918
235,70.08749963595503
235,71.09558849885799
235,71.0634060434133
235,70.90548211868347
235,70.38353665807435
236,70.64052465325075
236,70.34282571131787
236,71.08450663804827
236,70.16064009739874
236,70.25182127713593
236,71.36820309938238
236,70.78962303425317
236,70.09837389891126
236,69.53276291347035
236,69.56956956503848
237,70.76042977257808
237,71.00504210381268
237,69.96064756867044
237,70.3702940291442
237,69.83740336734373
237,70.31940332338226
237,70.74602830714566
237,69.68419641647876
237,70.70617647123213
237,70.63450354479646
238,71.48219119798004
238,69.74844348007049
238,70.14039895448512
238,69.41393074584641
238,70.13233417477146
238,69.90111441546082
238,69.62949402290106
238,70.4425990346065
238,70.17953893725233
238,70.5506510162564
239,70.34755243370073
239,70.86893938099742
239,69.44760230949687
239,70.18528664667633
239,69.96134645850219
239,70.49571026295264
239,69.68428085257673
239,70.68791957015323
239,70.39297830789967
239,70.68142944931928
240,69.30466771464641
240,70.43178695466537
240,70.48836903926465
240,69.07277614643796
240,70.85931009487784
240,69.88128100423128
240,70.45780389046746
240,70.0004011707254
240,70.62611560108462
240,70.05422960698836
241,70.02857019065556
241,70.87707754788208
241,70.15900423260855
241,69.53955359392307
241,69.73929983184264
241,70.68093228928912
241,68.69544227960411
241,69.67475232257097
241,70.25414691283078
241,70.64749882317702
242,70.27585551130102
242,69.51992491681867
242,69.30540203133148
242,70.54053894656846
242,70.7953306324331
242,69.7593046937333
242,70.18533214062025
242,70.23252183591298
242,69.32825910837184
242,69.4665982249177
243,69.24083217792598
243,70.24289158247035
243,70.17319338573334
243,69.68800737697956
243,70.36433625641916
243,69.5944334034832
243,69.07647179189534
243,69.32864687528227
243,69.02405062228385
243,69.00183044837827
244,68.32069602570671
244,70.39192682737871
244,70.30722793614198
244,69.18055987617842
244,70.26711865459735
244,70.43280752452426
244,68.85313355976236
244,69.3680644852272
244,69.92290998700368
244,69.70521054635202
245,69.79211783248628
245,69.07522068105393
245,70.30102631368077
245,69.93130346536265
245,68.95449412607812
245,68.96046103440388
245,69.367813403159
245,68.82397337803904
245,69.23993037001428
245,69.40097512926158
246,69.51075835547516
246,69.70127786056591
246,69.60284720007553
246,68.82022818780791
246,70.09170292436868
246,69.08744706209693
246,69.20251645387937
246,69.06369291946679
246,70.41480827880495
246,70.5071626274916
247,69.12835587770857
247,68.6112599863269
247,68.96767639045879
247,69.10989332254296
247,70.07806850313162
247,68.62822192159938
247,68.89703317720017
247,69.77203861792111
247,69.34536952103899
247,69.42206608314045
248,69.26475846769897
248,68.66970195169108
248,68.68181589230194
248,68.95528702897758
248,69.54374841522957
248,69.73592940973077
248,69.15870294239548
248,70.01177372849315
248,69.56883600978705
248,69.54233806074981
249,68.89920172656548
249,69.08987994439062
249,68.51831077474012
249,69.34220115338515
249,68.91586129129912
249,69.42480629824259
249,69.29914923239266
249,69.00447772495114
249,68.97271595742336
249,68.68585331131702
