84.5152800454776
84.34091001357851
84.39958479885415
84.30604013438557
84.11264054315761
84.61305594837687
84.03902557393529
84.14812755596498
84.43767331158918
84.36767215940903
84.34909502773328
84.37529151847619
84.46873354138243
84.02787651071924
84.1785595439129
84.63945665688557
84.41782719336209
83.83223580338073
84.31454362888535
84.11132883884231
84.09966339559982
84.52580394561927
84.86021033620057
85.29070801445447
84.92134619402046
85.0293841585027
84.4011804706004
84.40408242658329
85.35716620954216
85.04766117749297
84.76741351323032
85.09161663152322
85.2741490222183
85.87049984478594
85.39580895308957
