84.47804286622242
84.29675201720939
84.19958572112218
83.96497799040543
84.28480172289615
84.0485836940551
84.060105607408
83.93731776305646
84.01761557965627
83.49372991793159
83.67422111290276
83.7053426214031
83.37597443830047
83.70727280298506
82.88872166861641
82.73950969153475
82.8972327037263
83.02075381221151
82.59338517229783
82.19971900134027
82.30774976035995
82.16681415666675
81.62404945673737
81.8141142797673
81.36039341446782
80.71395499687982
80.3427753276867
80.46862867907356
80.31888325296877
80.1328313555682
80.3221163985435
80.05310060368353
79.3783718540562
