66.92564777642069 -43.82873109852117 0
-126.60305591319138 -62.54555633338159 1
-214.19684070447525 92.52045899009724 2
-58.517155689288764 -9.86000575530666 3
-101.54806010726364 107.39284410294898 4
-205.35262209318012 96.00667144718662 5
74.48671890685011 123.65182359512703 6
6.493467691654888 -9.083944656038655 7
-53.86906912177036 -198.92530644996273 8
6.542837835526873 -138.41393378223913 9
69.65286412690165 139.61319023937378 10
-56.577753055624406 65.9226586417739 11
-9.132343796197182 -19.466530494497707 12
-89.21744135691459 181.44958497702854 13
-139.93109156810797 39.5666943332158 14
11.951334448096617 -45.41162687461202 15
110.60749223045067 -172.13147393324442 16
113.27477863963938 -194.33982430624536 17
22.570466808653684 -72.69683869330164 18
86.47439747982753 163.16205834399665 19
-58.019688843125245 -93.39807576976119 20
-48.18002893346419 137.5034683758781 21
46.34347483197188 -0.4241730175846811 22
-31.94113725182012 27.562210760269178 23
-38.022643044204 3.1488872308233984 24
0.22059007047567142 -73.25223353678803 25
6.867526970401143 -5.589590208466368 26
72.02655520305089 43.405067941565136 27
-215.57524821865857 -4.630371425233796 28
-105.71646487075567 -128.06328110047218 29
180.46293853451 152.41100949058807 30
108.25467379542313 49.81872327734131 31
12.509419710938705 230.8494054715655 32
-104.72269659039816 -164.79519378008652 33
48.842394647891744 129.05773431705148 34
149.42725792885815 -34.88919905787384 35
-62.52011086434728 38.152388415400786 36
52.68264253115885 -173.20277319082575 37
-10.032770857945826 -248.33425524646148 38
-4.729723877284156 25.466145842315715 39
-84.38868131866886 -97.0492586875009 40
-36.569587492101306 212.27919124541086 41
44.1002676341696 -110.69486685455566 42
124.56177947006793 0.11766113792260142 43
22.572527197891066 62.501870537582846 44
-61.02136279464903 -139.83169952652187 45
11.02149178724217 14.695592618031942 46
-19.99388491017797 5.452526521479735 47
-2.14555837473976 96.40919852489115 48
39.12719677501387 92.14722437308274 49
-144.1220593811267 61.241806250310596 50
-160.03224505412336 -40.37722144041508 51
-28.503728196895885 98.07884312727211 52
149.1382660828173 -59.9837700986861 53
103.84786590857973 187.90198094683365 54
28.06724005199261 173.41931051351366 55
9.03290441928621 -29.335401438595735 56
-105.87487363934433 38.37358562727432 57
-56.144558730365155 234.17288651598543 58
-28.743583837541586 29.94704232105066 59
-134.59579976786458 26.150672973178633 60
-3.821875313537051 -2.582892597384249 61
21.172378021543484 -18.372076192363966 62
-149.31419966811046 -71.47631423254724 63
-55.13049548320552 116.02623350978928 64
-49.378770446754544 -94.36352008431842 65
-18.47935885344823 0.3659511040109635 66
67.09876525142303 -3.7086628930506573 67
134.40546423238527 55.97237897412906 68
-12.85298375615555 16.654932725530458 69
-41.61567924210653 -197.32931527115164 70
-30.90631823515117 -213.30466665684605 71
-126.68431235339287 95.62184304042424 72
129.12017431588868 -110.95493997023239 73
-105.5341848550564 -2.0506262143216714 74
137.34371753261982 91.9967474302609 75
135.23304822376355 125.92971381789822 76
16.729409824321877 -9.838771463986259 77
-2.857774422499922 6.632973939050555 78
117.06552271662746 -115.32949378747756 79
-74.73543698981742 -119.01626520692716 80
34.8041165592127 -7.268467152420762 81
110.4607023201457 72.57619926067683 82
68.42699462646046 -160.87449894091455 83
-39.42962887454394 -176.52415469517175 84
108.89628163081916 61.74270607026336 85
-193.40276182370388 72.65404073460479 86
150.73819911335283 -164.4648354201833 87
-15.28358047348225 -55.32148261509794 88
-21.336388153907993 -68.59684889480542 89
-69.25509151238953 100.86822414373646 90
40.768862742496346 -51.16238745362636 91
-112.52836118687104 158.53488377816663 92
117.43223116584971 141.52390938464438 93
34.57369732774657 -41.151053243719275 94
-161.64365188900868 38.136050921537915 95
-6.246781443088234 9.681088159919097 96
0.05563017302333163 -0.16299204849106733 97
-107.20810105252414 -14.91316550141531 98
8.56078668650388 -51.401973503377164 99
-30.301027215658014 137.80874616435614 100
-86.54067616217253 -21.748081408971153 101
63.84477100177353 -61.811606557075315 102
56.73921398303901 146.3371462387001 103
22.313168661636485 -185.86648561627297 104
89.61403110408342 -93.33314484697452 105
34.13953634626279 -108.83988940279372 106
167.06277415246015 170.34580717952474 107
38.0889886208494 -149.7859496562078 108
74.67203566506548 207.97982682934034 109
-181.15828081182704 151.4831885352906 110
6.800134647399693 -101.96140396574361 111
134.03701912218514 36.245516272639385 112
-73.79579086446493 -118.28167112193212 113
2.0877145624120375 -183.74697880681597 114
-3.1195691200314073 24.912617485282748 115
151.42202086310112 119.47993807993569 116
-26.920938971562347 28.10401759990016 117
6.045323536543023 16.509314558818588 118
-181.53203361796156 137.81516919950585 119
58.72584299967773 55.95802661742439 120
-93.93291552285007 94.30618488638025 121
193.83260590513314 49.09649687294678 122
-83.3073905715837 197.80353453140998 123
-78.997774093193 -45.189308735709396 124
-149.2629980770592 -22.37353941880879 125
136.58308489019134 91.40798040258196 126
-120.59489431491319 169.14249481990566 127
170.16529900592596 155.0428296392536 128
-25.76145925549743 2.9715494845709047 129
-55.67837142690699 22.468325584380246 130
-0.26381313281627994 -0.7124112844478085 131
19.11753836911017 40.27242466780221 132
200.65848949634858 26.98733654424083 133
-218.69298000254162 96.21232858722621 134
197.607751945201 -6.385294049109066 135
34.19961602981377 -67.18402376759454 136
-11.78149968608761 83.81370254383224 137
-50.517135981968494 19.315882323326424 138
-18.046131587271436 -90.27363534908281 139
-105.87828256250367 197.64360091649445 140
171.07716536962528 74.53346629033615 141
-21.61164348525376 14.18517278938791 142
5.931181697804493 41.87171201491111 143
-0.5790097915836171 -8.379955729261887 144
96.72903762434458 53.81595774694524 145
126.33041252568088 -193.93467210456967 146
28.373897220760423 -106.04751159677164 147
-69.92900005114798 -80.90965152320453 148
-21.03712380158921 -31.74662581181719 149
-99.97129279339732 67.12488256649446 150
216.36118740564177 19.498130931759178 151
2.8621552597359092 -131.8080986043663 152
-171.83029450733355 -180.45139103976362 153
23.12221040673077 -38.649101950974114 154
-33.48943058526445 217.1074345128757 155
-147.6696205660603 175.63409506607246 156
73.74029547916538 -155.4691271922464 157
179.27735165724178 54.70400715567503 158
204.48595559800518 74.18857414361213 159
90.20710012021063 -55.624704868722255 160
-214.69974029641503 50.372489530142346 161
-26.02156892080946 22.765517009038444 162
-6.583592340931728 -9.969205765903915 163
52.61646904448755 -33.81686102755961 164
-1.9827184142884509 209.1188398463493 165
29.467263097294357 225.53251823169686 166
-73.37376867859574 30.003644078388756 167
-4.995958315073051 -34.08394776177438 168
-35.187963468786435 27.565542941435446 169
-175.3327636127347 177.15724394377986 170
-55.033793943442056 124.91072325382699 171
-225.66452284441766 106.21120783693927 172
47.40143437907049 -61.60184405488804 173
195.13769092220278 -101.66096097327596 174
-50.47000967028479 -89.06147670844581 175
186.11835213649024 -120.36418114589736 176
-30.70622661787123 112.5200898327788 177
17.972295233456343 39.98639599654427 178
-10.501195776606894 118.40087827866475 179
125.5411164351654 13.720549785999847 180
-12.476620343196043 55.65431323374335 181
137.43196502958207 139.65702149180046 182
179.1297147728014 -85.31701929561622 183
84.12770407748593 106.32115515512673 184
10.988748152702236 221.21053210109795 185
-103.55746084620098 46.13545489242005 186
187.53766890796115 25.882920685193987 187
39.56717630224077 -62.98052990491094 188
-94.19563295684674 43.118936379660944 189
44.29152448902075 -8.568365167678614 190
70.78229145796473 -79.30988141258302 191
158.96515918194459 -156.86826156694713 192
-26.078355524924003 -14.249126749764567 193
52.42999164883991 -194.13249411652353 194
-204.59663454888894 -124.14466129251961 195
51.035709465859725 141.63548603268453 196
27.126400083138545 28.618994532355426 197
-106.03403776815993 111.43379162351542 198
10.144915524981656 -180.69706813179752 199
167.73571142751456 75.84161094247997 200
75.24102329663891 163.76199304332997 201
-134.7209686497041 -50.246202564898375 202
34.36672508971812 -80.74605923146132 203
-171.00979525695618 -85.66779374215147 204
-84.45744923647533 -168.4652816577874 205
53.49251362753995 157.59859951178368 206
142.59067444120706 142.8604732134697 207
176.13016955451752 -152.96706576865157 208
-111.8046932293249 -48.70525151902011 209
-115.8835145874082 -97.44088150912951 210
-113.97090438804518 -73.69446638225718 211
-128.00917193267966 -154.32871639216782 212
110.51034019878566 82.60220093207022 213
-1.4271016744847194 0.288199547324579 214
41.028371252132615 -90.73053475754517 215
243.87534624640708 -26.069887786187618 216
-57.597749175934254 -1.7208489455575642 217
158.09531708463658 -89.26280607674826 218
60.84010453839034 -9.664152988520792 219
-129.07373964598742 -76.50572483380802 220
20.499908027830614 -11.447634173927705 221
1.5244397328293249 -8.018744186704335 222
74.32511194076784 -50.79076776730628 223
83.05899088213211 -233.43106474516938 224
-37.32137957603703 -50.20428138257065 225
158.56191950103488 65.9862349024693 226
-12.647576618300754 -11.961440803845543 227
228.42010216109045 -89.57796582246361 228
-14.231626769551529 28.53939538289975 229
-47.151267014871216 88.36207611004374 230
-187.43765962823392 148.78915392978516 231
-55.51930546037591 -50.67672433116419 232
77.97195890461828 5.575929906773253 233
-5.988768025323906 103.85828313752944 234
-118.70237519591294 100.01333049694156 235
-106.76276738200845 30.930377088526573 236
1.9352910386507092 -161.63735415995788 237
-68.22093168490827 -214.03109057842028 238
244.52300668683588 -6.11599672983121 239
-129.64523246913217 7.672845127244991 240
-32.26215045379142 -246.5450625099514 241
33.128326498859984 -13.897078377492292 242
-194.95027287502305 -54.69434327065229 243
-209.90381429772475 -130.65158942485235 244
-11.510268542754298 -82.81875023528977 245
1.845493619806295 32.93887940798053 246
-27.10910910143761 25.849359745863897 247
-147.79598819562833 -162.91028453942783 248
57.13999232716046 -71.08372915772229 249
