1,0
1,0
1,0
1,0
1,0
1,0
1,0
1,0
1,0
1,0
2,4504.832000000001
2,0
2,0
2,0
2,3439.36
2,3819.520000000001
2,3568.384
2,3872.2559999999985
2,4912.127999999998
2,0
3,0
3,0
3,0
3,3578.6240000000003
3,3733.247999999999
3,4428.544
3,5165.312
3,3435.0080000000007
3,7393.536000000003
3,3830.5280000000002
4,11743.743999999995
4,3772.6719999999987
4,3352.0640000000003
4,3264.512
4,7341.824000000001
4,9998.592000000002
4,8011.008000000001
4,3856.6400000000012
4,0
4,10019.584
5,6126.847999999999
5,7495.168
5,10394.879999999994
5,10423.807999999999
5,0
5,7912.192000000004
5,15483.903999999988
5,9359.359999999997
5,4331.776000000002
5,11032.831999999993
6,10385.407999999996
6,16210.17599999999
6,8691.967999999993
6,5096.959999999999
6,7491.328000000005
6,11145.728000000005
6,6308.095999999999
6,7325.184000000001
6,8681.983999999999
6,13438.207999999995
7,9519.359999999997
7,13935.10399999998
7,14291.199999999995
7,10325.759999999997
7,12603.648000000001
7,10603.775999999996
7,8027.647999999999
7,6764.800000000001
7,18672.383999999987
7,13286.399999999992
8,7670.272000000003
8,17770.49599999997
8,11176.959999999995
8,18769.151999999976
8,11459.839999999998
8,13552.895999999993
8,20946.94399999997
8,11013.887999999988
8,18538.49599999998
8,17374.207999999984
9,13100.799999999996
9,17785.343999999975
9,16873.471999999965
9,14197.759999999984
9,14308.863999999976
9,17432.06399999998
9,13008.127999999992
9,19588.351999999966
9,19559.679999999964
9,16686.591999999986
10,15140.607999999986
10,26251.00799999995
10,15272.447999999993
10,23046.65599999995
10,17161.215999999975
10,16626.94399999999
10,10833.919999999987
10,16821.759999999984
10,20438.527999999984
10,13723.391999999989
11,19107.071999999956
11,11666.43199999999
11,19522.815999999955
11,20418.55999999999
11,16738.81599999999
11,10440.704000000002
11,17664.511999999988
11,17433.087999999992
11,17505.791999999998
11,27621.887999999948
12,27671.295999999948
12,21778.687999999973
12,10552.319999999994
12,23335.93599999999
12,23023.871999999952
12,6718.976
12,20770.303999999964
12,26980.351999999937
12,10459.903999999991
12,15481.85599999999
13,24526.335999999937
13,24832.51199999993
13,26808.83199999997
13,11952.383999999987
13,27970.559999999972
13,26380.031999999956
13,14048.511999999995
13,22477.823999999968
13,27872.767999999982
13,23886.847999999947
14,30006.783999999938
14,23344.383999999947
14,25568.51199999996
14,25673.215999999928
14,25913.855999999974
14,26376.70399999994
14,16800.767999999993
14,28166.911999999913
14,18673.91999999998
14,29791.487999999932
15,22900.991999999962
15,15803.647999999977
15,23624.95999999996
15,24326.143999999935
15,18590.20799999997
15,25982.975999999926
15,23865.343999999946
15,25234.175999999934
15,14527.743999999975
15,25491.199999999928
16,13719.039999999997
16,27394.303999999946
16,11900.928
16,9955.328
16,23382.527999999947
16,24690.943999999956
16,20586.239999999972
16,30843.135999999926
16,20822.271999999964
16,19307.51999999996
17,33032.19199999992
17,17680.38399999999
17,16485.631999999972
17,33258.23999999998
17,29514.239999999925
17,14977.535999999987
17,32550.655999999908
17,31887.61599999994
17,24552.447999999982
17,33911.80799999995
18,19359.743999999984
18,19126.527999999977
18,31718.65599999996
18,22378.495999999956
18,23245.56799999997
18,35082.751999999964
18,34123.51999999993
18,30379.519999999917
18,32358.655999999963
18,13724.671999999986
19,27963.391999999938
19,41002.752
19,17054.975999999984
19,31520.511999999977
19,23820.799999999967
19,22908.415999999943
19,28444.927999999938
19,32112.383999999936
19,27021.055999999928
19,32770.559999999925
20,29374.719999999958
20,25961.983999999913
20,37568.76799999997
20,32312.063999999955
20,27424.511999999937
20,31116.031999999934
20,33986.047999999966
20,30791.16799999994
20,11907.071999999995
20,26639.615999999933
21,41591.29600000004
21,30436.60799999995
21,28324.60799999992
21,28441.855999999938
21,22589.69599999996
21,31881.72799999995
21,36131.583999999995
21,29660.671999999955
21,15983.360000000002
21,25191.42399999997
22,40124.672000000064
22,30047.743999999926
22,36672.000000000015
22,34057.72799999997
22,44002.04800000005
22,35538.68799999994
22,39641.08800000001
22,33511.42399999997
22,37158.65599999999
22,38715.904000000024
23,38739.711999999985
23,37548.54399999994
23,42251.77600000001
23,30353.151999999947
23,35380.22400000001
23,28369.15199999993
23,29796.351999999933
23,34479.103999999985
23,30218.23999999994
23,38252.544000000074
24,46477.56800000004
24,37816.832000000024
24,27420.15999999995
24,36130.81599999995
24,41594.368000000046
24,40173.824000000044
24,25453.055999999957
24,43634.68800000005
24,35536.89600000002
24,34620.41599999999
25,45434.36800000009
25,36218.87999999998
25,37016.064000000006
25,24113.919999999955
25,40541.695999999974
25,37302.016
25,44154.62400000006
25,31784.95999999994
25,30186.49599999996
25,36718.59199999993
26,31828.479999999927
26,33533.951999999954
26,43900.41600000006
26,35492.351999999984
26,28250.879999999965
26,37566.71999999998
26,41549.31200000005
26,40986.623999999996
26,32739.583999999904
26,32573.43999999995
27,48779.26400000007
27,35772.92799999997
27,38489.08800000001
27,39292.16000000001
27,49505.792000000096
27,48900.60800000006
27,36119.552
27,37746.17600000003
27,40254.720000000045
27,49778.432000000146
28,44886.78400000005
28,35643.39199999996
28,35645.69599999999
28,37299.71199999995
28,51589.88800000011
28,34948.09599999995
28,38544.89599999997
28,45223.168000000114
28,35676.927999999956
28,42217.72800000006
29,53089.53600000017
29,44649.98400000008
29,50621.184000000074
29,52101.3760000001
29,34292.735999999924
29,33719.29599999992
29,32199.935999999932
29,31787.77599999991
29,40308.99200000003
29,58827.52000000018
30,33220.095999999925
30,45072.89600000004
30,43976.96000000009
30,38592.0
30,49398.27200000012
30,49864.70400000012
30,35852.28799999998
30,46141.44000000008
30,50581.50400000012
30,42962.43200000005
31,40531.96800000007
31,40372.22400000009
31,49469.44000000012
31,51643.64800000018
31,33135.10399999993
31,52344.83200000017
31,36895.23199999997
31,47055.872000000134
31,37568.00000000001
31,45148.92800000004
32,28461.56799999994
32,31320.831999999937
32,44270.84800000004
32,45572.09600000014
32,54434.304000000135
32,45141.504000000015
32,52363.520000000135
32,52163.32800000022
32,46587.392000000065
32,46360.06400000005
33,49071.104000000065
33,49049.856000000065
33,42087.680000000095
33,52864.0000000001
33,37288.447999999946
33,34104.06399999991
33,51544.57600000014
33,38238.20800000002
33,40295.680000000044
33,38685.18400000002
34,46069.504000000095
34,41367.55200000004
34,47489.024000000136
34,52717.82400000009
34,50556.67200000015
34,55247.87200000015
34,47191.55200000016
34,47662.848000000056
34,41158.65600000007
34,38561.27999999999
35,45758.976000000155
35,61994.49600000025
35,51360.25600000012
35,39111.68
35,43685.37600000003
35,60431.872000000185
35,43732.22400000005
35,49399.04000000011
35,44920.57599999999
35,48762.36800000008
36,53846.78400000007
36,54203.13600000013
36,45971.200000000106
36,32556.287999999975
36,51673.344000000114
36,55202.81600000016
36,47762.944000000105
36,50029.31200000007
36,43500.54400000002
36,49434.36800000014
37,50841.34400000011
37,54263.80800000018
37,41123.07200000004
37,49435.64800000007
37,51543.040000000154
37,59375.872000000134
37,51501.312000000114
37,49065.47200000005
37,49976.06400000014
37,51047.93600000014
38,52759.04000000008
38,46607.10400000007
38,48467.96800000003
38,44737.28000000005
38,47610.11200000008
38,58098.432000000226
38,33974.527999999955
38,49407.23200000007
38,58597.376000000186
38,55580.1600000002
39,47885.56800000013
39,49139.200000000084
39,52590.592000000186
39,49594.11200000011
39,54718.97600000014
39,53943.296000000075
39,66848.00000000016
39,53087.488000000165
39,53754.112000000125
39,65561.6000000002
40,56069.63200000008
40,59023.10400000027
40,60420.35200000012
40,55285.248000000145
40,53719.04000000005
40,55412.48000000018
40,56477.4400000002
40,53051.904000000126
40,59375.87200000007
40,60197.888000000195
41,67676.67200000018
41,60025.85600000014
41,51234.56000000012
41,52264.96000000006
41,53624.0640000001
41,56670.46400000016
41,55001.34400000016
41,62126.84800000012
41,51220.73600000002
41,66663.4240000001
42,55569.92000000016
42,51647.488000000034
42,68282.36800000018
42,55032.06400000005
42,52709.63200000011
42,56216.06400000018
42,56047.61600000006
42,50039.55200000012
42,53946.36800000006
42,58426.36800000019
43,57218.81600000006
43,54175.74400000013
43,53067.26400000016
43,52514.30400000011
43,61283.840000000106
43,50405.888000000115
43,55817.984000000164
43,54099.45600000011
43,44545.2800000001
43,53183.744000000166
44,56907.77600000009
44,53457.66400000011
44,57347.32800000022
44,56198.65600000009
44,51413.76000000017
44,45483.520000000084
44,65408.00000000025
44,64736.000000000146
44,47320.57600000007
44,60399.616000000184
45,56808.44800000011
45,52111.104000000094
45,61295.87200000016
45,57291.0080000002
45,57349.88800000017
45,52789.50400000011
45,73502.46400000021
45,57167.1040000002
45,54983.680000000124
45,45268.48000000004
46,61933.56800000017
46,44072.19200000009
46,46284.54400000004
46,65367.55200000012
46,60456.448000000186
46,62457.85600000017
46,63171.84000000016
46,58201.34400000005
46,52422.656000000075
46,58789.37600000011
47,61821.95200000018
47,60503.04000000019
47,45890.560000000034
47,58227.20000000019
47,47926.2720000002
47,62952.19200000014
47,57227.520000000135
47,60867.84000000021
47,61262.84800000026
47,69462.01600000019
48,61073.40800000018
48,50028.032000000094
48,69265.66400000025
48,53057.53600000005
48,67557.12000000008
48,65500.16000000023
48,57469.69600000013
48,50235.136000000144
48,49688.064000000166
48,57998.33600000012
49,59249.92000000017
49,57452.54400000016
49,59797.50400000004
49,64571.90400000012
49,63378.176000000094
49,68393.98400000024
49,65670.65600000016
49,57759.74400000016
49,54039.80800000006
49,63418.112000000154
50,68503.04000000011
50,70779.39200000015
50,54214.40000000012
50,63090.432000000124
50,63463.680000000226
50,60313.85600000014
50,68815.6160000001
50,67012.86400000013
50,56568.57600000012
50,58133.760000000155
51,66020.3520000001
51,52168.19200000021
51,63278.080000000075
51,66620.92800000019
51,62190.08000000004
51,60339.71200000022
51,76467.2000000001
51,60916.480000000185
51,55236.86400000014
51,49140.22400000013
52,56566.0160000001
52,73045.7600000002
52,48601.856000000145
52,59400.960000000174
52,57734.14400000018
52,53950.72000000009
52,56770.04800000008
52,61288.96000000009
52,66689.28000000016
52,61125.63200000017
53,62711.80800000005
53,51957.24800000009
53,57828.09600000022
53,76182.52800000017
53,67736.5760000001
53,62712.06400000015
53,73893.6320000001
53,70008.57600000009
53,73301.24800000007
53,72792.32000000017
54,74223.87200000016
54,67663.36000000026
54,59922.68800000014
54,67905.53600000014
54,49438.720000000125
54,64714.49600000018
54,54232.32000000012
54,64937.72800000021
54,65574.65600000012
54,70518.7840000002
55,59838.464000000175
55,63359.23200000016
55,69482.75200000014
55,54175.7440000001
55,56536.32000000013
55,68973.56800000012
55,60807.680000000175
55,68256.00000000019
55,64366.84800000014
55,61950.464000000175
56,63825.40800000021
56,67645.1840000002
56,66249.98400000019
56,67574.52800000033
56,62140.41600000011
56,69997.0560000002
56,61468.41600000014
56,65630.97600000013
56,66668.28800000013
56,45242.88000000011
57,71708.9280000003
57,57762.30400000014
57,72429.56800000009
57,72838.6560000002
57,76008.96000000012
57,74597.37600000008
57,74053.12000000011
57,58346.24000000019
57,64897.53600000017
57,75321.0880000001
58,58054.912000000135
58,78010.11200000018
58,70387.96800000018
58,53943.29600000012
58,65602.81600000021
58,75036.92800000004
58,67935.2320000002
58,67503.1040000001
58,65597.1840000002
58,73841.92000000019
59,60767.48800000021
59,70246.14400000032
59,69723.39200000021
59,68272.89600000012
59,73161.98400000029
59,68154.11200000017
59,61804.28800000016
59,62158.84800000015
59,66424.32000000023
59,66702.08000000015
60,85578.49600000023
60,60762.112000000125
60,75227.39200000014
60,66154.75200000024
60,76049.15200000013
60,63598.84800000014
60,72329.98400000023
60,72670.20800000022
60,64383.23200000003
60,70473.72800000016
61,77491.45600000024
61,68418.81600000015
61,71997.95200000015
61,76150.27200000017
61,63867.39200000018
61,67431.68000000024
61,63476.480000000134
61,70043.64800000009
61,65520.89600000021
61,70531.32800000021
62,71227.13600000019
62,67269.12000000013
62,70789.63200000016
62,84706.55999999997
62,64658.17600000026
62,73922.56000000013
62,79989.7600000002
62,76940.28800000012
62,72273.9200000002
62,63766.784000000116
63,74824.70400000011
63,70439.93600000012
63,66932.2240000001
63,78591.48800000023
63,57307.392000000225
63,82257.1520000001
63,65662.20800000017
63,68992.51200000018
63,69568.0000000001
63,69566.72000000013
64,79371.77600000016
64,77926.91200000019
64,74996.48000000003
64,77204.4800000002
64,56378.368000000206
64,73822.72000000012
64,63076.35200000019
64,63129.088000000054
64,78172.9280000002
64,68939.00800000009
65,70970.62400000017
65,90330.36800000022
65,68202.24000000021
65,68755.96800000028
65,68567.80800000024
65,74273.5360000002
65,67427.84000000019
65,75086.33600000026
65,69656.06400000007
65,64619.520000000244
66,65718.52800000021
66,84253.44000000008
66,82663.68000000015
66,75178.49600000014
66,64343.80800000013
66,59678.976000000126
66,67270.40000000007
66,71390.20800000009
66,76189.18400000018
66,64674.04800000009
67,86484.73600000005
67,65086.20800000022
67,67605.50400000019
67,83951.61600000007
67,85006.08000000013
67,73398.78400000017
67,86083.07200000019
67,80389.63200000013
67,70829.8240000001
67,73234.68800000013
68,63064.83200000012
68,84003.5840000001
68,75097.8560000001
68,76071.16800000018
68,84426.75200000021
68,75742.97600000014
68,78972.41600000014
68,62708.992000000115
68,80892.41600000007
68,73704.70400000007
69,76732.41600000017
69,75494.91200000014
69,84036.86399999999
69,72008.19200000016
69,68383.74400000017
69,67408.89600000017
69,74108.92800000009
69,81232.64000000016
69,74922.49600000016
69,81722.3680000001
70,68368.89600000017
70,70439.68000000018
70,70062.33600000017
70,67529.47200000021
70,84506.11200000011
70,69130.75200000024
70,73675.26400000007
70,75252.99200000013
70,68155.39200000018
70,83416.57600000009
71,77093.1200000001
71,83909.37600000021
71,83991.29600000003
71,67147.00800000006
71,84983.04000000008
71,73101.56800000025
71,82222.84800000019
71,74431.23200000024
71,72665.08800000013
71,66934.27200000022
72,81790.46400000005
72,76649.98400000022
72,75467.0080000001
72,79072.51200000012
72,67527.16800000021
72,83820.54400000017
72,59291.64800000015
72,79860.22400000022
72,71084.28800000023
72,71024.64000000028
73,79293.1840000002
73,76990.97600000021
73,81790.46400000025
73,65148.67200000019
73,81881.60000000006
73,70585.8560000002
73,82814.97600000001
73,78668.03200000012
73,82188.54400000018
73,80972.5440000002
74,70740.4800000002
74,89600.51200000016
74,83246.59200000002
74,81024.51200000026
74,63527.42400000025
74,78987.77600000017
74,70978.81600000017
74,79442.68800000017
74,75400.44800000015
74,86834.17600000011
75,78643.9680000001
75,89245.44000000002
75,84692.73600000018
75,80958.9760000002
75,73732.60800000018
75,59119.10400000021
75,77399.29600000006
75,83498.49600000007
75,75165.69599999998
75,72134.14400000019
76,84885.76000000005
76,79614.7200000002
76,83369.72800000018
76,69974.52800000031
76,75283.20000000017
76,77660.67200000018
76,84145.92000000013
76,72912.12800000014
76,80275.20000000006
76,80849.66400000006
77,74737.40800000011
77,78973.18400000005
77,89137.92000000017
77,83370.752
77,75015.9360000002
77,98301.95200000006
77,74602.49600000003
77,79493.63200000003
77,74556.16000000019
77,78033.15200000015
78,84508.67199999992
78,84830.20800000012
78,81809.40800000004
78,78771.45600000021
78,76908.54400000013
78,80257.024
78,78833.15200000025
78,80182.52800000021
78,85763.8400000001
78,84227.58400000006
79,86508.80000000005
79,72977.40800000017
79,84794.11200000008
79,81711.36000000004
79,78606.84800000023
79,82996.22400000025
79,75236.60800000012
79,74883.32800000002
79,79068.92800000015
79,86299.90400000013
80,76410.11200000008
80,82446.33600000011
80,74207.48800000014
80,77826.30400000002
80,91256.32000000008
80,78830.33600000023
80,92951.04000000002
80,71852.54400000008
80,83527.42400000006
80,85811.96800000008
81,77559.29600000012
81,76380.1600000001
81,79321.85600000003
81,81873.40800000021
81,86167.04000000014
81,66201.60000000014
81,88294.91200000011
81,84819.71200000012
81,88092.9280000001
81,72942.59200000016
82,78647.04000000015
82,77144.83200000014
82,93388.03199999996
82,87293.95200000028
82,88121.34400000004
82,88720.89599999996
82,84111.1040000001
82,84393.72800000019
82,76918.01600000031
82,84139.52000000005
83,84666.368
83,84258.5600000001
83,85696.76800000011
83,86245.63199999997
83,76517.12000000021
83,80998.65600000015
83,74934.01600000024
83,79644.67200000025
83,92594.94399999994
83,81424.64000000017
84,88517.37600000016
84,87081.4720000001
84,77673.72800000016
84,77768.96000000015
84,73596.67200000011
84,84374.52800000012
84,76752.64000000022
84,89287.93600000002
84,92370.17600000017
84,79093.76000000011
85,86733.56800000016
85,82184.19200000011
85,86952.70400000009
85,92575.23200000002
85,89392.12800000008
85,77815.55200000011
85,71148.03200000012
85,81284.35200000019
85,73520.64000000016
85,85242.36800000003
86,86506.7520000001
86,79504.64000000017
86,87559.42400000001
86,70020.60800000002
86,87247.87200000009
86,80304.12800000007
86,89272.57599999997
86,79454.20800000013
86,77319.16800000027
86,68911.61600000011
87,83816.96000000014
87,80019.96800000004
87,83106.0480000001
87,82905.85600000007
87,89561.08800000003
87,83993.08800000015
87,81836.54400000004
87,80562.68800000018
87,80199.16800000018
87,91010.56000000008
88,81519.6160000003
88,79297.02400000006
88,77437.95200000025
88,81430.27200000017
88,78960.64000000023
88,75469.3120000001
88,81334.0160000002
88,85867.00800000019
88,88291.58400000008
88,89090.56000000007
89,91049.472
89,77363.96800000023
89,84160.76800000003
89,93974.01600000002
89,82420.99200000017
89,87346.43199999993
89,77037.56800000003
89,93924.60799999993
89,95440.12800000001
89,74969.60000000014
90,81483.00800000006
90,75743.48800000016
90,91709.69600000017
90,93128.96000000008
90,94229.24800000004
90,91777.28000000009
90,81063.42400000006
90,81092.09600000002
90,89550.5920000002
90,81371.64800000016
91,78143.74400000017
91,87189.50400000004
91,86857.98400000008
91,91855.872
91,86518.52800000002
91,86875.90400000021
91,75466.49600000009
91,87005.43999999996
91,82070.7840000001
91,75270.91200000004
92,92547.58400000003
92,94968.57600000002
92,85700.86400000007
92,76820.22400000009
92,95455.48800000006
92,75784.70400000019
92,79701.50400000009
92,89703.42400000017
92,75561.72800000016
92,91977.72800000005
93,90294.52800000024
93,82149.63200000019
93,95947.00800000006
93,91130.62400000008
93,81933.82400000002
93,95019.26400000005
93,80554.49599999997
93,83591.68000000017
93,90961.92000000007
93,102083.07199999991
94,95738.36800000002
94,88384.00000000001
94,83241.9840000001
94,80589.312
94,87623.42400000009
94,82938.88000000024
94,94305.28000000004
94,74217.98400000011
94,89768.70400000016
94,80490.24000000009
95,87566.33600000007
95,82933.50400000009
95,92529.15200000009
95,85661.69600000004
95,84883.71200000007
95,96022.52799999995
95,98107.39200000011
95,87736.32000000002
95,78011.90400000008
95,93186.30400000008
96,78088.70400000014
96,85589.7600000001
96,87278.84800000019
96,91159.29600000006
96,94172.15999999999
96,83468.28799999993
96,91869.44000000003
96,88875.77600000014
96,98406.65599999996
96,74852.09600000021
97,98729.21599999997
97,76707.84000000005
97,82141.95200000012
97,100336.12800000013
97,96131.07200000019
97,79343.10400000006
97,87847.68000000011
97,91193.85600000009
97,87337.47199999994
97,105336.3200000001
98,94107.6480000001
98,92110.336
98,82495.23200000016
98,93083.90400000002
98,93079.55199999995
98,88379.90399999992
98,91849.21600000025
98,88290.30400000009
98,94255.61600000008
98,95696.89600000002
99,95553.02399999993
99,95788.544
99,81574.91200000004
99,94005.50400000007
99,82973.44000000003
99,97304.06399999997
99,93463.04000000001
100,99566.84799999997
100,89186.30400000009
100,84634.88000000008
100,88201.47199999997
100,86116.86400000009
100,94348.2880000001
100,81314.56
100,87438.33600000008
100,90586.11200000008
100,91453.43999999994
101,103430.14399999983
101,93876.99200000004
101,100000.51200000003
101,84511.74400000008
101,88107.77600000017
101,86116.60799999995
101,91248.89600000004
101,84387.07199999993
101,86444.54400000005
101,87421.952
102,78083.3280000002
102,89441.02400000009
102,97396.9920000002
102,102527.74400000006
102,95846.65600000003
102,88646.91200000017
102,100574.72000000013
102,93796.60800000012
102,86419.45600000008
102,91843.84000000003
103,89300.47999999995
103,87548.41600000022
103,94651.90400000002
103,84508.16000000019
103,89839.8720000001
103,87854.08000000028
103,83237.88800000037
103,91756.28800000009
103,100760.31999999989
103,89587.96799999994
104,89835.52000000006
104,86111.74400000015
104,89698.04800000007
104,100083.20000000007
104,93919.99999999997
104,77835.52000000016
104,98449.66400000008
104,83442.94400000012
104,99478.27200000001
104,98681.6
105,94404.86400000016
105,99078.65600000003
105,96892.16000000006
105,98859.77600000007
105,100041.72799999993
105,97078.0159999999
105,89091.32800000008
105,87740.16000000008
105,107264.76799999988
105,98409.47199999989
106,87661.82400000007
106,88683.0080000001
106,76095.74400000017
106,96922.88000000003
106,94152.19199999998
106,74832.64000000004
106,79112.19200000008
106,86787.58400000018
106,92611.5840000001
106,99110.14400000006
107,94963.456
107,89642.49599999998
107,106580.73599999998
107,87970.30400000006
107,100697.85600000001
107,89374.46400000008
107,97920.76800000001
107,94068.73599999995
107,97665.02400000003
107,87712.76800000029
108,96137.98400000011
108,84120.32000000005
108,87362.8160000002
108,89767.16800000003
108,97291.5200000002
108,96191.23199999999
108,89761.53599999986
108,90506.75200000005
108,89490.94400000013
108,91472.384
109,104865.024
109,96779.00800000002
109,92148.99200000019
109,98498.81600000004
109,83622.14400000009
109,93907.96800000004
109,98093.82400000001
109,98016.76800000014
109,99132.4160000001
109,84789.50400000019
110,86830.59200000016
110,97758.97600000001
110,93956.60800000008
110,100706.04800000011
110,87900.92799999991
110,89023.23200000006
110,101885.18400000005
110,104746.49599999993
110,94936.06400000007
110,92996.60800000014
111,87977.98400000004
111,85696.76800000017
111,102377.21599999994
111,102551.03999999992
111,100035.07200000004
111,100235.77599999998
111,94764.80000000002
111,92425.98400000019
111,89492.992
111,101665.024
112,103630.33599999994
112,93717.7599999998
112,91699.71200000006
112,106018.30399999981
112,103784.70399999997
112,106807.29599999993
112,97408.25600000001
112,96774.6559999999
112,89574.1440000002
112,93680.38400000015
113,99392.76799999994
113,82214.14400000012
113,93882.3680000001
113,89076.4800000003
113,101828.09600000014
113,99092.73600000022
113,95521.02399999989
113,104279.29599999996
113,91278.33600000002
113,107408.38399999993
114,95635.45600000002
114,101651.96800000021
114,94466.30399999992
114,103926.52799999998
114,89800.19200000005
114,92944.12799999998
114,96155.90399999992
114,94236.16
114,96604.16000000006
114,100320.25599999983
115,104628.73600000006
115,102799.10400000002
115,96862.97600000001
115,94117.63200000001
115,106722.30399999995
115,95977.98400000023
115,99408.89599999998
115,94620.16000000019
115,95982.59200000003
115,88010.75200000007
116,98616.32000000007
116,90241.79200000004
116,102624.25600000011
116,98336.76799999992
116,86988.80000000012
116,104698.87999999993
116,105446.9119999999
116,92203.26399999992
116,100762.36800000002
116,100966.656
117,93197.05599999997
117,98006.52799999986
117,87926.5280000001
117,96929.02400000012
117,102425.59999999989
117,89682.94400000012
117,103844.86400000002
117,102609.91999999987
117,96959.74399999999
117,100890.11200000001
118,91176.95999999992
118,93450.75200000002
118,92372.22400000005
118,100607.99999999999
118,93462.52800000022
118,99098.87999999976
118,100737.5359999998
118,102003.45600000005
118,100346.87999999992
118,98522.36799999993
119,90291.71200000003
119,111756.54400000005
119,107786.75200000002
119,102415.35999999991
119,96171.26399999994
119,98452.99200000016
119,90395.13600000007
119,96502.27199999997
119,103428.35200000001
119,101586.68800000004
120,97718.01600000005
120,99930.36799999997
120,83789.56800000017
120,107283.96800000004
120,102138.1120000001
120,105696.51199999993
120,91896.32000000008
120,95551.74399999999
120,105492.73600000006
120,97363.71199999994
121,95858.94400000022
121,106326.27199999994
121,99572.99200000003
121,93720.57600000004
121,91350.78400000003
121,93298.68800000001
121,96261.37600000005
121,105189.63199999994
121,103085.31200000009
121,103741.69600000005
122,101542.14399999987
122,95216.89600000021
122,96052.73599999995
122,100289.5359999999
122,110289.66399999992
122,102031.6159999999
122,93210.87999999993
122,90906.62400000001
122,94992.38400000018
122,94914.55999999987
123,106412.5440000001
123,99852.80000000008
123,98107.13600000004
123,89720.31999999999
123,99689.4720000001
123,95595.51999999995
123,89624.57600000002
123,97836.79999999993
123,106367.99999999991
123,99267.84000000007
124,95880.19200000005
124,86530.30400000002
124,108108.28799999987
124,100677.88800000024
124,92786.68800000005
124,95116.03200000004
124,103411.45599999995
124,101926.40000000002
124,113976.57599999987
124,96769.27999999998
125,102428.15999999997
125,97721.08800000013
125,102771.96800000005
125,101727.74399999993
125,98102.78399999993
125,105296.89599999983
125,97748.73600000016
125,104681.72800000005
125,100898.04800000002
125,91058.1759999999
126,104606.9760000001
126,89964.03200000002
126,101032.95999999996
126,100398.59199999995
126,101188.3520000001
126,106152.70400000004
126,92647.67999999992
126,106413.5680000001
126,97651.19999999997
126,100549.63200000004
127,101242.88000000006
127,102295.03999999989
127,94274.81599999999
127,99368.95999999998
127,101629.43999999987
127,92811.00800000005
127,107318.27200000003
127,81313.5360000002
127,106313.98399999987
127,101550.84799999972
128,95985.66399999998
128,94612.99200000006
128,98098.68800000013
128,87300.09600000005
128,98181.63200000006
128,94287.61599999997
128,106866.68799999986
128,88246.78400000003
128,102042.62400000005
128,91382.7840000001
129,92702.97600000002
129,102652.672
129,103757.31199999999
129,97302.01600000008
129,94725.63200000004
129,96588.80000000009
129,109484.28799999994
129,96912.89600000008
129,107026.432
129,100747.26400000001
130,108424.44799999989
130,99283.19999999992
130,102877.44000000005
130,93812.99200000004
130,104065.79200000004
130,101680.12800000001
130,108366.5919999999
130,101161.72800000009
130,98152.44800000008
130,106669.056
131,107906.81600000002
131,100795.39199999993
131,115203.0719999998
131,109535.99999999994
131,101259.51999999987
131,99002.624
131,94903.29599999997
131,98427.6479999999
131,100937.47200000005
131,103045.632
132,92189.43999999997
132,95490.04799999991
132,109259.26399999979
132,95408.12800000007
132,103985.40799999994
132,102085.37599999997
132,110959.61599999989
132,84694.01600000012
132,96542.97599999998
132,97823.74399999998
133,94055.42399999996
133,94988.7999999999
133,99707.90400000008
133,106852.35199999975
133,96697.08800000019
133,91355.39199999993
133,99934.72000000004
133,102043.13599999975
133,104204.79999999981
133,104240.89600000001
134,104263.9359999999
134,102650.11200000001
134,109810.43199999981
134,116532.73600000003
134,103966.20799999978
134,103218.43199999994
134,82727.42399999998
134,103827.45600000002
134,95766.5280000001
134,104341.50399999993
135,108104.95999999979
135,96965.88800000008
135,96029.95199999999
135,95892.73599999989
135,101232.38399999993
135,112205.05599999976
135,101668.60799999998
135,104577.0239999999
135,107403.26400000007
135,101713.15199999996
136,98994.68800000001
136,96772.86400000007
136,103807.74399999986
136,91977.21600000007
136,109198.0799999998
136,103694.33600000011
136,103402.75199999998
136,95312.38400000003
136,100970.75200000008
136,106000.3839999999
137,102031.87199999987
137,105600.76799999985
137,106286.84799999984
137,111432.96
137,95310.07999999986
137,113603.328
137,96906.7520000001
137,111750.91199999982
137,103802.36799999984
137,97497.60000000011
138,103942.39999999992
138,107924.99200000007
138,113901.05599999987
138,94793.4720000001
138,101202.43199999991
138,95707.39199999999
138,102477.31199999993
138,109503.48799999991
138,98282.24000000005
138,104669.69599999987
139,96511.4879999999
139,97531.904
139,101139.19999999995
139,94335.48799999998
139,90400.25600000007
139,97728.00000000001
139,109283.07199999996
139,103402.75200000011
139,101872.63999999998
139,96775.936
140,119799.29599999987
140,103281.91999999987
140,106385.15199999993
140,111979.26399999995
140,85196.03200000004
140,103003.39199999986
140,100669.69600000007
140,97943.29599999989
140,111361.0239999998
140,100362.49600000001
141,103564.28799999981
141,112040.44799999983
141,104763.90399999997
141,98296.06400000001
141,110924.28799999984
141,105075.96799999994
141,109576.19199999982
141,111508.99199999991
141,100527.35999999986
141,101917.44000000003
142,113980.67200000006
142,93666.048
142,102131.45599999993
142,99718.14399999997
142,111789.31199999996
142,91483.39200000018
142,113566.46399999988
142,98844.16000000006
142,108813.56799999982
142,110620.15999999992
143,107472.64
143,100847.3600000001
143,100703.48800000004
143,114980.09599999983
143,90656.00000000003
143,115696.3839999999
143,100220.41599999997
143,101182.97600000001
143,98521.856
143,103457.53599999983
144,101392.8959999999
144,91669.24800000008
144,111988.73599999989
144,99872.5120000001
144,108026.62400000001
144,104062.71999999997
144,103949.56799999975
144,104744.1919999998
144,101226.24
144,104041.72799999999
145,104093.95199999989
145,118379.00799999986
145,91031.29599999996
145,110458.88000000003
145,106335.48799999994
145,97488.63999999996
145,104067.32800000002
145,106621.95200000008
145,111354.36799999997
145,100308.73599999999
146,107675.39199999995
146,97655.04000000002
146,105040.12800000008
146,99183.35999999996
146,103220.73599999993
146,106341.63199999994
146,102510.07999999994
146,114298.36799999968
146,112581.8879999999
146,104067.58400000008
147,114278.91200000003
147,106437.63200000003
147,115635.20000000003
147,101302.27199999994
147,98109.95200000008
147,107049.21600000003
147,99120.89599999998
147,107472.89599999988
147,106516.22400000002
147,107140.60799999996
148,106518.27199999984
148,105451.77599999998
148,104619.51999999993
148,111578.11199999988
148,102795.51999999992
148,116273.15199999981
148,104852.99199999993
148,113651.45599999987
148,117275.90400000001
148,112360.95999999976
149,109231.61599999997
149,94299.39199999998
149,114956.032
149,102738.68799999988
149,96967.42400000004
149,110942.71999999996
149,111357.4399999999
149,106779.90400000001
149,105893.11999999986
149,91374.84800000013
150,104777.98399999985
150,116063.74399999976
150,120431.1039999997
150,106476.79999999996
150,109509.11999999995
150,110403.83999999972
150,110544.12799999998
150,111581.95199999993
150,100353.28000000006
150,106554.62400000004
151,108781.31199999998
151,102196.48
151,109622.27199999985
151,109621.5039999999
151,103266.56000000004
151,103405.31199999999
151,94673.92000000007
151,108836.8639999999
151,101316.86399999991
151,102955.26399999997
152,102048.512
152,113196.79999999993
152,108223.74399999977
152,114224.89599999986
152,106642.1759999998
152,110579.19999999985
152,111271.16800000012
152,107137.79200000003
152,108033.792
152,109211.13599999998
153,116176.38399999995
153,106348.5439999999
153,105139.96799999994
153,106452.48000000011
153,108566.78399999981
153,100210.68800000002
153,104100.6080000001
153,115714.81599999976
153,97361.91999999991
153,112498.68799999991
154,106652.41599999994
154,109640.95999999992
154,104849.15200000016
154,111398.40000000002
154,104838.65599999993
154,103731.45600000006
154,102948.86399999984
154,105136.12800000003
154,103387.90399999994
154,118725.63199999991
155,110765.05600000003
155,96786.94400000005
155,102998.27200000006
155,108989.43999999993
155,111939.07199999975
155,105676.7999999999
155,114059.51999999995
155,125088.25599999989
155,99562.23999999992
155,104744.96000000006
156,115983.61599999983
156,97883.904
156,96259.58399999993
156,107592.44799999999
156,106270.97599999998
156,118729.47199999992
156,94626.55999999994
156,112523.26399999985
156,106435.0719999999
156,116122.87999999992
157,116649.47199999979
157,99045.11999999994
157,112205.56800000003
157,107279.35999999996
157,100592.64000000009
157,108886.52800000005
157,106434.30400000006
157,116660.73599999989
157,106727.16799999995
157,112235.77600000001
158,106116.86399999993
158,107410.94399999993
158,109092.60799999982
158,106256.12799999997
158,110863.10399999999
158,109204.99199999994
158,104148.9919999999
158,116363.26399999975
158,104836.86400000006
158,96351.74399999998
159,110208.76799999992
159,111109.63199999988
159,114386.6879999999
159,109895.42399999994
159,116496.38399999989
159,101339.9040000001
159,119056.63999999978
159,100107.00799999991
159,115026.432
159,109588.73599999996
160,105492.73599999993
160,111708.67200000008
160,98856.19199999997
160,112011.00799999996
160,105564.67199999995
160,105297.92000000004
160,107964.41599999982
160,109011.19999999987
160,115933.18400000002
160,103883.77599999995
161,111340.54399999983
161,104637.43999999986
161,106542.33599999998
161,108512.51199999993
161,99207.6800000001
161,117304.06399999977
161,118831.35999999972
161,114472.96000000006
161,112430.59199999979
161,114514.43199999987
162,116668.67199999998
162,106904.83200000004
162,106109.6959999999
162,106929.15199999999
162,95033.60000000005
162,108107.51999999997
162,122756.86399999988
162,104556.28799999993
162,120862.46400000004
162,105054.20799999991
163,109285.1199999999
163,103216.12800000003
163,114308.0959999999
163,116284.67199999985
163,112105.72799999996
163,108834.81599999989
163,115142.65599999992
163,108751.61600000004
163,115588.09599999986
163,100055.80799999989
164,101941.50399999993
164,117830.9119999999
164,96815.10399999986
164,108910.07999999996
164,94675.45599999985
164,109944.57599999994
164,112612.09599999995
164,115255.03999999983
164,100011.26399999995
164,117856.0
165,99006.97599999988
165,116141.31199999996
165,113356.28799999993
165,113698.81599999998
165,107123.19999999997
165,113821.69599999988
165,106770.94399999993
165,100009.98399999982
165,112423.67999999975
165,122141.69600000004
166,114670.84799999993
166,105673.7279999998
166,117477.37599999993
166,116965.63199999981
166,105818.87999999993
166,114405.37599999996
166,106216.70399999978
166,101501.44000000022
166,108265.21599999996
166,104615.93599999996
167,109125.37600000003
167,112914.176
167,109105.40799999998
167,107278.07999999978
167,103779.83999999997
167,110396.67199999993
167,112598.27199999995
167,111113.47199999997
167,102663.16800000006
167,112315.90399999998
168,107333.1199999999
168,113105.15199999993
168,110348.79999999997
168,119761.66399999974
168,106766.33599999982
168,103862.27200000006
168,111132.92799999994
168,113278.46399999999
168,115239.42400000014
168,110165.75999999985
169,116584.44799999992
169,116016.38399999964
169,105810.43199999999
169,101176.8319999999
169,100956.92800000006
169,113368.83200000002
169,106271.74399999989
169,112446.72000000004
169,103511.55200000008
169,116933.1199999999
170,112066.81599999993
170,103803.136
170,98995.19999999998
170,114900.47999999998
170,109271.55200000003
170,111812.35199999975
170,111709.43999999989
170,108816.3839999998
170,111115.0079999999
170,117454.84799999981
171,110907.13599999998
171,103116.80000000012
171,109560.06400000006
171,112513.79199999996
171,104643.84000000001
171,97808.12799999981
171,95999.48800000007
171,108812.03199999977
171,101217.5360000001
171,108483.8399999999
172,113451.00799999987
172,122124.03199999982
172,102905.85599999994
172,109892.86400000006
172,117065.21599999993
172,97438.97600000004
172,99594.75199999982
172,106574.33599999994
172,114449.15199999978
172,103388.92799999988
173,106579.71199999991
173,97971.45600000011
173,109241.08799999989
173,114235.13600000003
173,105810.17599999999
173,112308.9919999999
173,116333.8239999999
173,112538.3679999999
173,120532.99199999994
173,100429.05599999994
174,115375.616
174,107383.29600000002
174,99302.65599999986
174,118986.75199999993
174,116344.31999999985
174,120389.11999999985
174,110050.81599999993
174,96783.87199999993
174,117669.11999999965
174,112344.83199999988
175,98621.95200000014
175,114771.1999999998
175,120542.71999999993
175,100556.54399999997
175,116788.22399999994
175,104833.02399999999
175,115206.65599999992
175,107629.312
175,105170.68800000001
175,118766.07999999991
176,115281.91999999995
176,103628.544
176,114165.75999999985
176,106088.95999999992
176,101666.30399999996
176,114647.80799999976
176,109844.224
176,102583.80800000005
176,113982.4639999998
176,103295.744
177,110398.46399999989
177,112087.2959999999
177,119495.67999999998
177,104533.76000000004
177,111436.28800000012
177,116300.54399999979
177,113388.03199999989
177,106808.57599999993
177,116306.43199999993
177,108395.77599999988
178,99506.17600000005
178,110238.46399999989
178,115015.16799999992
178,102393.34399999982
178,114667.77599999985
178,118691.84000000003
178,104624.6399999999
178,109193.21599999988
178,118471.16799999989
178,113960.44799999987
179,116797.44000000003
179,123934.97599999978
179,119710.72000000002
179,112225.28000000003
179,113239.29599999981
179,108559.10399999982
179,116075.77599999991
179,109664.51199999977
179,115839.99999999993
179,100115.71200000006
180,111308.54399999989
180,105915.13599999993
180,113372.15999999997
180,111154.17599999986
180,113341.9519999999
180,116213.50399999986
180,110360.83199999976
180,125369.34399999975
180,107754.23999999983
180,106233.59999999989
181,97189.88799999998
181,122875.64800000003
181,104478.7200000001
181,119153.1519999999
181,113593.0879999998
181,108942.07999999994
181,109793.27999999993
181,113146.87999999995
181,112311.55199999979
181,103137.02399999979
182,115855.35999999978
182,122496.51199999992
182,114221.8239999999
182,113505.2799999997
182,120637.6959999998
182,106040.57600000007
182,108941.82399999992
182,118257.40800000002
182,109798.65600000008
182,91491.8400000001
183,103230.20799999993
183,106227.19999999988
183,109980.92800000003
183,112618.23999999986
183,118582.01599999997
183,102458.11200000004
183,112725.24799999983
183,98115.32799999992
183,105484.79999999997
183,125515.77599999972
184,111136.76800000005
184,107225.59999999987
184,118285.82399999982
184,113017.59999999993
184,103587.58399999989
184,115290.11200000004
184,106815.99999999997
184,109222.1440000001
184,106043.39199999976
184,112976.38399999995
185,97281.0239999999
185,121450.49599999981
185,108781.31199999992
185,114388.73599999983
185,115464.70400000004
185,112919.80799999984
185,116292.3519999998
185,105910.52799999996
185,118792.70399999987
185,111056.12800000004
186,100139.26399999982
186,114209.27999999991
186,121444.35200000003
186,124624.12799999988
186,119658.23999999983
186,122212.6079999999
186,103953.91999999982
186,119795.96799999976
186,118495.48799999995
186,111209.47199999998
187,110912.25599999994
187,112166.91199999981
187,102766.07999999981
187,111853.82399999982
187,121890.55999999985
187,112187.13599999978
187,110737.6639999999
187,122694.14399999977
187,107803.39199999982
187,108582.39999999982
188,106493.43999999992
188,129734.65599999984
188,105270.01599999978
188,127932.1599999997
188,111081.2159999998
188,110881.27999999972
188,111030.01600000006
188,114481.66399999989
188,121142.27199999992
188,115648.25599999964
189,117906.1759999998
189,113677.3119999999
189,96129.02400000005
189,114532.86399999993
189,110026.75199999998
189,113805.568
189,118004.2239999999
189,120759.29599999987
189,108704.51200000003
189,115367.16799999983
190,119281.66399999973
190,113302.0159999998
190,130305.27999999978
190,111063.55199999994
190,116552.44799999986
190,114756.35199999985
190,112077.82399999995
190,109753.59999999987
190,116958.2079999999
190,119968.25599999992
191,110694.9119999999
191,118861.82400000001
191,108534.52799999995
191,112037.37600000003
191,118549.75999999991
191,106763.0079999999
191,121637.3759999999
191,114003.2
191,114008.0639999999
191,114708.73599999989
192,103142.65599999997
192,110096.12799999992
192,118468.09599999992
192,106546.94399999992
192,116604.41599999998
192,111341.568
192,103716.09599999996
192,122129.40799999982
192,121043.45599999999
192,112072.95999999977
193,115303.67999999982
193,120593.15199999987
193,114719.23199999983
193,100316.41599999987
193,102314.23999999987
193,113792.76800000003
193,112175.61599999995
193,130920.19199999991
193,111253.75999999985
193,114433.7919999998
194,113983.23199999984
194,119210.75199999982
194,119440.38399999993
194,115666.94399999992
194,116117.75999999985
194,115523.83999999982
194,125656.5759999999
194,108816.89599999995
194,107980.54399999979
194,116235.51999999989
195,115471.87199999993
195,123813.63199999991
195,104539.90400000002
195,119599.87199999996
195,114304.7679999999
195,109174.78399999985
195,114397.18399999988
195,109133.56799999987
195,121278.71999999983
195,115447.29600000005
196,121831.93599999978
196,116317.18399999975
196,116983.29599999978
196,106374.656
196,108867.32799999998
196,121196.8000000001
196,128718.59199999976
196,125062.14399999988
196,113578.752
196,112538.62399999998
197,112464.89599999976
197,106838.01599999993
197,115173.8879999999
197,116479.48799999985
197,95257.85600000016
197,121015.55199999994
197,126678.78399999975
197,109422.07999999999
197,117109.504
197,123391.74399999983
198,108506.36799999999
198,117390.33599999991
198,114851.83999999992
198,111947.2639999999
198,113612.28800000006
198,110575.10399999972
198,107727.61599999972
198,108542.46399999985
198,103647.99999999981
198,108153.088
199,106493.69599999988
199,108383.74399999993
199,106069.50399999994
199,115982.84799999969
199,114221.56799999997
199,109530.62399999985
199,118604.28799999984
199,100145.6640000001
199,113141.50399999983
199,105204.2239999999
200,112700.41599999992
200,111057.15199999984
200,121470.97599999982
200,122889.98399999998
200,107743.74400000002
200,91260.67200000002
200,118087.42399999988
200,114201.59999999987
200,114989.82399999995
200,127897.59999999986
201,114518.01599999993
201,116720.12799999988
201,119229.18399999996
201,120386.30399999996
201,123002.62399999997
201,110463.23199999984
201,122315.51999999995
201,110489.34399999991
201,114748.92799999977
201,104112.63999999985
202,109949.69600000005
202,132505.34399999978
202,113960.19199999995
202,123452.92799999984
202,115193.59999999976
202,111261.43999999978
202,111164.92799999978
202,122347.26399999997
202,116802.30399999983
202,113376.51199999992
203,119228.41599999988
203,106734.84800000001
203,113821.9519999999
203,120083.45599999992
203,100115.45599999999
203,103883.51999999999
203,106285.56799999996
203,119039.74399999979
203,130052.60799999985
203,111445.75999999986
204,106688.00000000012
204,114168.31999999977
204,107737.08800000005
204,116471.55199999991
204,112714.49599999978
204,115683.8399999998
204,125012.4799999998
204,113465.59999999998
204,110046.208
204,111725.31199999993
205,103041.53599999995
205,130962.17599999986
205,111280.63999999991
205,110076.92799999991
205,116708.09600000005
205,117311.74399999992
205,121756.15999999977
205,121387.26400000008
205,106937.85600000001
205,125042.43199999974
206,104787.45600000003
206,105990.65599999994
206,115750.91199999988
206,130434.55999999995
206,115601.40799999985
206,110235.136
206,112555.0079999998
206,110911.74399999989
206,118192.89599999985
206,116097.536
207,114531.58399999987
207,115176.95999999986
207,122687.7439999999
207,116247.03999999982
207,110419.71199999981
207,108679.93599999989
207,118290.1759999998
207,114490.88000000002
207,115693.56799999993
207,126333.43999999977
208,113523.4560000001
208,118991.87199999977
208,117655.55199999982
208,121239.55199999995
208,105462.78399999983
208,117829.37599999974
208,126886.91199999982
208,120092.41599999978
208,101417.21599999981
208,119503.87199999974
209,117296.8959999999
209,128684.0319999999
209,106041.34399999988
209,119098.8799999999
209,104756.73600000005
209,129846.27199999985
209,112520.19199999978
209,114255.35999999986
209,109760.25599999996
209,122083.83999999965
210,112283.64800000006
210,112375.29600000003
210,126088.19199999994
210,121219.07199999987
210,113727.74399999979
210,108340.73599999976
210,125878.01600000005
210,102366.20800000003
210,104132.86399999984
210,112646.39999999982
211,108491.77599999985
211,125870.8479999999
211,115113.21599999988
211,114432.76799999991
211,116381.69600000001
211,108539.13599999994
211,105932.03199999983
211,114627.32800000001
211,114330.36799999978
211,113674.496
212,121257.47199999992
212,116398.84799999997
212,118405.88799999999
212,114832.38399999992
212,112993.27999999991
212,116173.31199999982
212,132076.54399999982
212,115533.31199999983
212,101595.13599999993
212,117299.19999999992
213,119168.5119999999
213,120883.71199999994
213,106521.85599999999
213,114288.89599999986
213,118093.56799999991
213,121876.73600000002
213,115098.11200000012
213,115374.592
213,125890.55999999984
213,123669.50400000002
214,114294.52799999996
214,100540.4159999999
214,123198.20799999987
214,114289.40799999986
214,117852.67200000008
214,113500.4159999999
214,117371.64799999978
214,109323.00799999994
214,109670.9119999999
214,110074.87999999987
215,110950.6560000001
215,103966.4639999999
215,123003.64799999983
215,115394.5600000001
215,114166.52800000005
215,124513.53599999979
215,107586.81600000006
215,113484.79999999983
215,110929.15199999986
215,115436.28799999981
216,120110.848
216,109285.63200000003
216,109450.23999999996
216,119859.968
216,109717.24799999989
216,122230.52799999992
216,122711.55199999991
216,108225.7920000001
216,124872.70399999977
216,108645.88800000014
217,115210.75199999992
217,114135.55199999992
217,123996.92799999988
217,120914.17599999985
217,109527.2959999998
217,112907.00799999974
217,112061.95200000002
217,113705.98399999985
217,119824.128
217,115912.44799999981
218,116596.22399999997
218,116334.33599999991
218,117169.91999999977
218,123543.80799999986
218,119258.8799999999
218,103908.35199999994
218,112530.9439999999
218,113800.44799999992
218,115935.74399999999
218,125100.79999999978
219,107380.224
219,114476.79999999987
219,109141.76000000001
222,117175.03999999989
222,119443.19999999998
222,115966.46399999999
222,112785.92000000004
222,117574.65599999994
222,110800.12799999994
222,119698.94399999977
222,114885.88799999993
222,106442.49599999994
222,117871.10399999979
223,121368.0639999998
223,109284.86399999987
223,116156.41599999984
223,113211.90399999976
223,125894.65599999973
223,119013.1199999999
223,111573.24799999999
223,113068.54399999983
223,121977.59999999987
223,111992.83199999988
224,117097.98399999988
224,120103.42399999991
224,119074.30399999984
224,112075.26399999979
224,112054.78399999993
224,130256.89599999982
224,110078.46400000005
224,120344.31999999989
224,113227.26399999969
224,115787.5199999999
225,123199.23199999986
225,114694.14399999994
225,111540.99199999991
225,113700.60799999989
225,115739.64799999987
225,121422.07999999977
225,120884.9919999997
225,118528.51199999973
225,114187.51999999976
225,107720.95999999986
226,112240.64000000001
226,115421.95200000003
226,123408.89599999988
226,118202.36799999978
226,115958.52799999979
226,115903.48799999994
226,104710.14399999981
226,121581.31199999989
226,109491.19999999972
226,118140.41599999974
227,128667.6479999998
227,136050.68800000005
227,107142.65599999986
227,116313.08800000005
227,111822.33600000008
227,117566.97599999988
227,123296.25599999989
227,112446.9759999998
227,129404.67199999995
227,123409.15199999987
228,118227.71199999987
228,117316.35199999994
228,118816.51199999983
228,124284.6719999999
228,119435.7759999997
228,118590.97599999995
228,130884.35199999978
228,128856.5759999999
228,124837.88799999998
228,109656.57599999994
229,120905.72799999977
229,130859.00799999981
229,115165.18399999989
229,126952.19199999988
229,118115.07199999985
229,120858.8799999999
229,125529.08799999986
229,113906.43199999994
229,118232.83199999998
229,112139.52000000003
230,118038.0159999999
230,110511.35999999983
230,109625.3439999999
230,118882.81599999974
230,112702.7199999999
230,120547.3279999998
230,119558.65599999981
230,122667.00799999997
230,125554.68800000004
230,116332.79999999986
231,129363.96799999979
231,109215.9999999999
231,119599.87199999994
231,121166.84799999987
231,109426.43199999981
231,120096.51199999976
231,120096.51199999997
231,119297.79199999977
231,120423.93599999991
231,120935.93599999987
232,117713.1519999997
232,124236.80000000005
232,114779.39199999977
232,121394.9440000001
232,113939.96799999988
232,119295.74399999992
232,121230.59200000003
232,120360.70399999987
232,127103.74399999985
232,109853.43999999997
233,116193.02399999983
233,105461.50399999983
233,116065.28
233,117304.06399999991
233,117759.48799999997
233,115353.34399999998
233,117416.70399999978
233,113299.45599999992
233,123253.75999999983
233,117058.04799999982
234,120749.56799999993
234,116699.39199999996
234,122684.67199999993
234,115563.2639999998
234,120411.9040000001
234,121005.82400000001
234,118251.26400000004
234,122111.48800000006
234,114329.34399999991
234,121907.19999999984
235,117908.22399999996
235,120211.71199999996
235,117949.18399999985
235,120637.4399999999
235,120473.08799999996
235,116597.50399999997
235,110422.7839999999
235,124784.38400000011
235,120934.3999999999
235,118977.79199999997
236,121932.79999999994
236,119726.07999999971
236,123939.584
236,122398.71999999986
236,126412.79999999986
236,116556.03199999982
236,130216.96000000012
236,112491.51999999981
236,106602.49599999996
236,109817.85599999993
237,122761.47199999985
237,123140.86399999975
237,111978.4959999999
237,125281.02399999989
237,114139.90399999995
237,118471.16799999992
237,114619.64799999999
237,120144.89599999985
237,119946.23999999987
237,120452.60799999986
238,120171.26399999991
238,107698.43199999997
238,120334.84799999978
238,115701.50400000004
238,112234.75199999998
238,117062.91199999973
238,109336.31999999986
238,115040.51199999997
238,115788.79999999996
238,126514.68799999998
239,126343.93599999983
239,111965.9519999999
239,118366.71999999981
239,114813.69599999992
239,117214.97599999995
239,118878.46400000005
239,120942.33599999988
239,122806.27199999978
239,108453.63199999984
239,125688.8319999999
240,107010.55999999982
240,111090.94399999984
240,107983.6159999999
240,117681.15199999987
240,124552.19199999988
240,121766.6559999998
240,123436.03199999999
240,113718.0159999999
240,106242.56
240,120727.55199999994
241,114239.74400000008
241,117209.85600000001
241,115750.91199999994
241,115371.51999999986
241,115586.816
241,126221.31199999986
241,120225.02399999995
241,115981.05599999972
241,117691.3919999999
241,121377.02399999982
242,128494.59199999992
242,114900.47999999994
242,118761.2159999999
242,124951.55199999992
242,130010.11199999962
242,110349.31199999977
242,129349.37599999987
242,127542.01599999984
242,117670.91199999968
242,111680.00000000009
243,114916.09599999995
243,127562.49599999978
243,121121.53600000002
243,121223.6799999999
243,121116.6719999999
243,113190.65599999987
243,116313.85599999978
243,120630.01599999989
243,109826.30399999989
243,114178.55999999978
244,116129.79199999977
244,121894.39999999989
244,120809.21599999996
244,113610.23999999979
244,125396.47999999986
244,118587.13599999981
244,113748.47999999988
244,122555.13600000003
244,117512.19199999995
244,114460.41599999987
245,124505.59999999995
245,120440.83200000007
245,111070.71999999986
245,120425.47199999983
245,121828.35199999975
245,108669.18399999982
245,111782.39999999986
245,113333.504
245,128141.05599999997
245,129497.85599999999
246,118482.4319999999
246,115507.96799999996
246,120013.82400000007
246,118062.8480000001
246,119245.3119999999
246,117786.62399999988
246,122942.20799999993
246,111135.74399999989
246,118682.3679999998
246,119316.99199999987
247,122558.20800000007
247,116127.48799999984
247,112129.02399999989
247,126172.92799999978
247,129782.528
247,124923.39199999982
247,116066.3039999999
247,121948.9279999999
247,114371.32799999995
247,112804.3519999999
248,123070.46399999982
248,113557.24799999983
248,120976.38399999995
248,109966.8480000001
248,121324.03199999993
248,124898.30399999999
248,118154.23999999976
248,122225.6639999997
248,123812.6079999999
248,118815.48799999998
249,122896.12799999966
249,115897.08799999992
249,117960.44799999996
249,118406.1439999999
249,117002.75199999989
249,138599.42399999994
249,124416.51199999973
249,119593.98399999988
249,114735.10399999995
249,108058.11199999988
