80.46719744861554
79.88430269762033
81.24009679238517
80.44825454375454
80.38056316772608
79.69309106349216
80.3252719840026
79.76921824081126
79.94736057404812
79.8859269257274
79.85078592272322
79.50945881027774
78.96857632291984
80.03793170438968
78.70711658192577
78.3896506228052
77.821811663716
77.91371823825881
78.11434290374953
77.25543260879985
76.7741100271655
75.84254916481379
76.26149166974061
75.82806782183758
75.67150569924489
75.32952639228604
75.34603055781383
74.49903511493564
73.71621420783708
74.27703639111765
74.93585417512777
73.46988302134348
73.86297650515354
72.96684791258356
72.94121266845205
72.10101907371558
73.35477695648237
71.95531463079246
71.96655430602158
