80.79314215006967
80.57749859890936
80.77380963643905
81.03211376451632
80.90074680441538
80.24429454881003
80.17371221023608
80.76332931175196
80.49587935655872
80.02411654516831
80.06613679363339
79.71600789662311
79.71205383402086
79.69861936258292
79.27337996193856
78.98173174772106
79.28229254231192
79.04490485314263
78.74924336784444
78.9312078569452
78.47563892141143
79.11859958426965
77.93053363430141
77.46163933772988
77.21814487608339
78.06393952745103
77.12391792186857
76.06756286446607
77.51761974859929
77.11184870801029
76.83591794966189
75.8955353763705
75.57632811735034
76.15673223001245
75.38434248959479
74.56094925994685
76.40258689424415
75.00785673611861
75.27924202935543
