100.0
100.0
99.80358504958048
100.0
99.91735537190083
99.9047619047619
100.0
99.61994900120263
99.8913043478261
100.0
99.42539898719674
99.28489697365899
99.4175256080134
99.23003592687061
99.49778855569356
99.64696044056095
99.16438465649605
98.74242152727781
98.81484827412508
98.92765429545035
99.2318305635515
98.08636748883532
98.17269561513274
97.93631375973294
98.35825350407063
98.16087643767011
98.21710525869085
97.14159419161743
96.52095977887794
98.02144400299082
97.26310055825998
96.58386964649992
97.02388016351485
96.14016225254798
97.40358249912757
94.87789556189207
95.51474193634132
96.30933417410638
96.22960859606103
95.06234489928539
94.1478353979218
95.08754060146501
95.1766008904192
94.7427533736288
94.11146406891734
94.10343688686766
92.19021256989372
91.89969244341853
92.64652400741205
92.99785411688734
92.86039543523778
92.00975614011219
92.36291826045226
88.53776393741322
92.79947154907576
89.44657547190049
91.15529075180982
90.33103489917221
89.64741931032357
89.01723046453961
86.36422245622987
87.43487215049363
88.85329691559924
87.15337976470117
87.5409372897739
87.09994601072393
86.37543744558533
85.9586157870887
85.93451837047138
84.31248137143598
85.17731742488098
82.19412468364494
85.20664091966682
84.49043277846562
83.04464984092752
85.46358493025151
82.17336287228
83.54219057981811
82.8762635920046
82.24347761830204
80.18642944854845
82.79045200260984
80.04518440524254
79.3658089942378
80.11918052300874
78.35123149952658
80.1241534766711
77.32811098779615
77.32376009997726
77.14656703678358
79.0629013574345
75.47325331977709
75.62605100291626
76.50336527358837
78.19000877891159
74.92394922453381
77.31293417867471
74.81867177379893
77.13016360211245
73.88934309812468
74.10915612606927
73.29948499507472
72.27656282050117
72.42476250346293
68.57054045712829
71.0426418095464
68.25206190944152
70.40454006101089
69.01801701040557
68.69638051464204
66.39924524771678
70.48652159299246
69.27532192348397
65.77458525261301
67.13816818312775
63.9752067136163
67.0811266871304
67.89072990875007
64.05718450495249
66.31740321062779
61.10309771156005
65.82925979430162
59.54639547535196
59.57293826212994
63.51557277040805
61.90451372216841
64.62761296479985
59.754875546402886
60.85799829744878
59.24785305111713
56.16427060021988
59.21688862995879
56.053794520590046
60.613469876768484
56.882953524417886
57.10637959358848
58.3045282441596
54.96372733327647
51.47609347851748
55.6970552843118
56.91914365343756
55.417513549160695
51.75096750403688
51.205907015672096
51.69500976563835
52.10613867903082
52.82615803270914
51.505666391925146
48.06968277486756
49.687273554856205
48.08022649336127
49.659296921079665
51.175573107185656
47.97351504136695
50.483016886775886
46.53480948940747
46.08495136609413
46.07684840158975
44.74344697234837
46.24588403591581
43.84842631068376
45.537017278610314
44.76850934217531
43.10523644936977
42.809354980890475
46.09599741873771
43.475051145822825
41.17837325596977
39.814771936056744
41.674683796109804
38.730622585322806
38.93714275982546
41.065305749721055
40.577687505269736
38.83875764270379
38.5321567779784
37.30313778683223
39.648177296360984
37.368448924795466
36.99479909457599
44.295768445503505
43.79084131675907
43.378354421307634
42.87435678673024
41.05761618676179
40.992071251012035
42.03308152798595
37.24412653512991
39.56826998741696
39.44108933318906
36.25537670268122
38.89830509892685
38.333784508722665
37.658238243812775
35.36332098484028
36.33198612458904
67.60963297427952
69.75694633564923
67.02022223568748
65.52350966743445
65.50398177848362
68.71722132612015
63.081831776238744
65.77567826164623
65.98284219386309
65.20073437103679
65.36502863957708
62.921300866874404
63.588304738680684
62.985211750458554
64.60542194959135
61.04240301704034
63.71002495980483
60.770386735948435
61.49424678032701
61.75003754999839
62.124681425960034
64.41886026417654
61.9482745917705
60.468105565600474
59.59368488941471
56.903772748081295
58.695078549992274
60.839231425960456
59.535657221367096
60.35080592440271
61.27508236049153
58.509764531725416
58.84447703677707
56.339723704883454
58.08919735938828
56.552194943879776
54.868457653626415
57.54074112729516
56.640760524714445
55.452300941601
58.118861466750275
56.275817204703465
53.35582283911701
56.61700739402945
55.384589635458504
54.84905554665589
53.70609179878397
55.497054570276
53.098537023082066
55.29228140578365
53.19159056890372
54.050562045253194
53.99887384635635
50.68720980958956
53.96475687771905
51.83674011043969
49.81690891668576
51.603946929660786
51.78779039956083
51.60099985725544
49.853349149536754
49.47652661246245
51.22150277990893
49.949437638608515
49.029587031347916
50.23639022143658
47.73198356366437
48.59517857856801
47.90897116430932
48.118081988499725
49.1727724383795
44.16025256723014
49.52142695166181
46.95911046063125
46.87269957037232
44.045328569165896
45.85571765661305
46.76525505726978
44.3073302546738
45.464688463671344
45.18069454509248
46.012476363193436
45.24512921361577
43.885939368618935
43.31429744342092
44.40982527934626
45.12697550646217
42.06299560459152
44.564131729851624
41.66311739853412
42.462758847450345
41.43833833968137
42.47326269784704
43.577276952656064
43.74718790967467
43.69285725534113
40.30395027012021
37.015860444356555
42.8641565387277
41.44616451701584
40.096576124396506
39.419700176744115
39.762184320055056
38.76471566541207
35.97308136063261
37.074074778096616
39.224269223319254
37.04652416705217
36.214199303861186
39.19515638607003
35.56563702929295
35.92231322787722
36.01933328805962
38.66887846007008
38.89032564060381
49.075664315421214
46.9091737830912
47.1411812258863
49.62283623565119
49.57280470163775
48.75669863061643
47.77503703706762
50.74817308869896
47.29344868790545
44.85030357716486
41.96453996331311
47.675830318006035
45.91169012477292
51.47609189809947
44.70591282671096
44.877208532119866
44.454252921765196
44.527403456491015
45.804062169956794
43.3642491271248
44.74102030057505
44.22712059369263
43.124301958667445
44.256640843127556
44.314987400218904
40.72693113934072
41.37495235480357
41.315992351759334
42.259104071641254
44.052223544025146
41.361988182936535
41.64169394982926
39.98704891450045
42.60620010294321
42.25686375290878
42.522504198305846
41.62362150031722
41.15239178229458
40.96213075617322
41.98742773316159
38.56267116482234
42.66776563771158
39.862263412468536
40.77377450856217
40.64527850768975
36.34223093122956
39.00958543520696
38.1107160351647
39.14269782291561
39.786016865281454
39.59116000300996
39.475935656118224
38.39017723270105
38.504524407307166
36.93201909976911
39.18311171598355
36.47210042596191
38.437277334385875
37.431273191174284
48.372156722109274
47.73900424967125
50.47423476263304
49.18700640818451
47.2690132770247
50.59760499255823
50.42719048281973
48.728896005252054
50.138728988995
49.925196914420304
50.18833081951462
50.27312555938149
47.347443687736124
49.12740980968289
50.895730479296326
50.922783611235296
48.2827091251302
51.81784614796884
45.315960214174126
47.127730042117186
45.12985023213155
48.18955729797844
49.3278075586559
47.89886040812661
46.17164391096999
46.25151159574179
48.66695629485782
47.09299962055147
45.58166459314707
46.70688725299945
46.53342339792934
48.75346674166579
44.6496837503407
43.80103897866011
42.59439875456504
45.244093721063734
43.1194920434733
44.598779068768685
45.534658328937745
44.79133957752613
47.856902859247384
43.85462222229394
45.800433142918074
41.201984119599786
43.02673383592826
41.51553822117164
42.428975799513715
44.7970099453662
42.31265245763797
43.77949992402193
43.83464198163112
41.97348619580818
43.42108925909558
44.067545443877364
43.444704807961365
41.5738160172669
41.91962663796045
41.14917164452672
41.128841344560385
41.91208603862159
41.9978365527679
42.69306975586954
37.30938488181086
40.7333054804066
37.090602963155284
38.742963881685384
42.24725243310974
38.11450855189221
38.19678748993408
35.0434818238268
39.042385209218644
37.670470895011704
37.156253077995686
37.485263626495595
39.73730942685354
35.10855351212483
38.46380061914489
39.01918404206188
36.860163887121054
37.19207692349337
37.7502343686631
34.52703243726967
38.19612437007812
57.06287828038104
58.25655655290346
57.633365566944754
58.70801727559103
58.202726950549334
59.18139492879401
57.62282406199322
57.35689325809889
56.816081773005166
57.01450232475999
56.88734811391414
59.44700971093951
57.341273718212015
57.12807796387828
58.32824697042642
57.2522454714595
56.220771489372396
58.520283672965654
58.56742388930215
57.821462256417995
54.97031822295345
55.53794461047108
54.74819356806452
54.0651894684778
56.523246946999386
57.83775394838817
56.69559031827098
54.35058982306474
55.988060062522564
54.738144687732245
52.84694848066333
57.772405162821585
56.482696633238206
54.536815671916905
51.42677694415188
54.28634221425295
54.9091592908688
53.40929962011704
54.85371403151522
54.26609442430142
56.039018193057224
52.571988352269145
52.70949824330023
53.689873491402594
53.99737077291432
50.879408691764766
52.050859651585554
50.99847714244632
52.69465052630607
53.87670909672744
54.09093040144393
55.25118512559639
53.669998901123904
51.59064273319079
50.941156532368524
50.43812234103612
47.596715351989076
49.90657861607303
51.00475256477331
50.366749343146196
51.375732421217684
50.954697607276046
49.78885563014777
51.671226545203545
49.999750144172154
51.694835010072914
48.543668476287685
47.66077917142028
48.00579135053796
47.214747871241215
48.83233477466473
50.70951309403558
49.12535058844454
49.29853982786737
48.668612635277626
47.79499886400253
49.28569132221124
49.338349467303374
48.54486808170498
47.09414210029131
47.01223313707673
46.22867427819219
49.06380573291354
48.65679691646726
46.182764770716304
45.74138469342452
44.53022757423766
46.87629435554378
48.289227101959796
49.20615899652606
43.612185015559945
47.37970933144041
46.28857877843223
47.84550055517043
46.601704264392794
46.64237621916425
45.05639793564725
45.06010740037872
46.77871512657002
44.59080336352841
45.1000303243852
46.594957888217714
43.39108998448693
43.23702446344892
42.85814407023398
44.685874147615635
42.997858354797074
43.2406494743779
42.50449236781406
44.55165343200494
45.61132756928626
43.18200975409076
47.79191741912196
44.605037713505084
41.4837812049564
44.12434201995949
44.74225541720038
44.12720722078399
41.536631723265394
44.85345845399625
41.80935121438245
41.42760153901286
44.65119269420279
40.82371633340522
41.02369871963848
42.65926894173504
42.543097354537366
43.177086542503204
41.36303428158286
41.69440919273073
42.47486552461268
39.45333955451139
41.60642159097587
39.66069899625492
40.45557362670106
42.32580187659739
41.32538347055464
41.68512336742019
39.286541802227866
40.05931874125676
39.971943878617694
41.1939056986739
40.772883792383006
37.1962748367568
40.78787778687675
40.787101026655805
40.63113127627141
40.50434122231194
41.04087066125927
41.60453897920868
40.33829844573625
37.22376665625469
40.01285446475105
38.36462353776649
43.17878303632693
40.02270597201565
36.2391679488575
37.79244675744499
37.37675774062396
38.62735544617613
38.74014373934089
38.99608619803021
38.18099868063227
36.75374794812596
36.93337223063727
34.502553848788786
37.60350754794044
35.414025688737205
35.259664237602806
34.71453004819197
40.117983875889614
35.62489485405456
36.28932278382128
37.87478429568617
39.14381816420046
35.72679626891045
35.787054866308836
34.03158180482555
36.02907613279665
35.71422793336631
35.77973658356519
37.389623442656
33.48158764057559
34.38888646074787
32.825111803281686
37.702574631581705
36.07100151516179
36.096293904069505
37.83163133415141
32.34926121379233
33.824390347954406
30.571421661966856
34.525723972077635
33.60551367603257
31.505357050877816
35.28708387684536
30.27880643039932
34.17456570153537
32.807250811010206
28.9153729054743
32.541465109580024
31.534133754923293
34.769189997977406
31.467549719863378
33.64033451898039
32.757356672576776
35.100869512996475
32.93234054422233
31.14434059043551
31.389829519065756
33.96110352212551
29.454366487414767
33.05821999834088
31.286512614178797
31.334277650524683
31.44753397939833
30.06645547856978
31.07435801630462
31.973490356303813
29.163959578912014
31.212844297622073
32.8267780564224
28.94378701517633
30.015945910757686
30.422731387222022
30.86128237642484
29.35714360226455
28.206019820796598
30.35909835709171
30.943317308135306
27.59545308777717
29.4057710096815
30.795142019199563
31.588986481409723
31.356801959786623
31.452729862295463
30.06469843609107
29.924540100027585
27.375921935385527
30.34848010088016
29.96506375943873
28.335016937325417
29.245980616247394
28.35839221817998
30.073366872297697
27.332699759196615
28.23288174911991
27.72848820722181
29.95854549111691
25.454848675970815
28.54652949284732
26.956021700147865
29.6666955768313
27.332307378781223
28.68744899053583
27.536000684175317
26.33856872461339
27.788896676646534
28.41652341131023
27.771208843384436
26.563101057376954
24.09371292321229
26.405619906654685
27.19664957274514
26.55351896952123
26.383454248667285
27.062382822319734
25.415711465375914
25.662619450080726
26.52070536291845
23.926550635658725
27.663279321344426
26.633875231663488
26.91126767089399
25.54288197798051
23.444495929596076
26.85681012272795
24.68196997645348
22.870581809954125
24.500893954516254
25.134039906701293
23.102975177920257
24.48627761975682
23.497521329752445
26.712391920740465
24.39268174771933
23.200175232451738
23.27397741251568
21.090174632793733
23.277084834807727
25.46179901897311
22.413948970193896
23.71507967790788
23.707136630386202
25.24910184245016
22.771876978388494
24.5845818039734
24.122867100691103
21.988968986325276
22.493038001364294
20.856833770854276
23.062131466987296
22.712954784793848
21.169425323831483
23.42439452782485
25.605258494330513
20.481097948423507
22.54090998062246
22.559453909890138
21.880017292710892
20.98516432502398
21.14730527218617
20.04930387568137
22.46757324359961
22.839806844920254
21.17940271051525
19.699796487904145
20.56510558737657
21.9158532775492
23.829456109725584
21.834004907820113
21.01543297804696
21.08364006470506
22.276340791767808
20.301954504071325
22.562453646760645
20.866310439156685
20.420270217408948
21.163120439614215
20.174792428031804
19.497225576026395
21.990674829412285
20.570951004145506
18.847130693277606
20.806753425816325
21.346930044302198
20.25216531297374
20.708724855039474
18.137083810229726
18.665514853824217
20.63592017039266
18.865825956780057
16.542369835529872
19.564485372474927
16.903855441407906
19.17636236070479
19.35578341545197
21.01522803423878
18.470412917402264
19.57902323071345
17.73927194832301
18.25485809578776
19.983915755198588
19.236305943274516
17.398296898890248
18.473560655272887
18.669141522357116
18.567226751507324
17.151270107261393
18.348770495245077
16.965778849192056
17.832788791235753
17.838000865131583
20.2476553525352
15.699403569799927
19.82098586966472
17.399733872185852
16.848871795356935
16.04602686125202
18.508742417991314
19.414703216221582
17.682983634374466
14.802192744190405
17.043749556819062
17.775121689232154
15.294436477896268
16.907297217764288
16.70102993321031
18.509324633641327
13.017419437637535
15.036325649904182
18.208377924734826
16.57545740618368
15.928866816840817
17.109362661129065
14.482179142486853
15.163627702147988
15.80587929709116
16.57584382143571
15.354771154892493
15.489597785949762
16.83524760738528
16.518564933616986
15.163501177947154
16.425855420841824
14.693141812357105
15.764594145883768
15.294708386970417
15.357111308007259
13.919429336935561
14.646161328131896
14.018767852983807
15.692776115760871
14.35296687392611
14.560923855818913
16.7532756763074
12.800155013232166
12.956530658047846
15.834532102404285
15.577904122932045
12.28953146025561
13.926999464831113
15.102745926626671
12.557847845748118
13.075634459711873
12.655201757185921
14.47137942719284
15.003124496750944
13.74732369413772
16.399461751521674
14.955649646470427
13.357627896843773
14.24722152755004
14.175886788217767
14.81360288870066
14.177262685280319
13.516561132070217
16.520058202048716
14.9910128424984
13.072458909278396
14.235617286208024
13.465438583755876
13.578829108812284
13.962797910528348
10.977417723198837
14.669826524456003
13.127416181746742
13.688630502627337
15.257251379756909
12.12550818273514
10.184299965201497
14.779293204835149
10.61586448385743
13.088970264262674
14.134826009388075
12.266082674630066
11.492916176484297
14.189708523283546
12.009319868150058
12.948533691590004
14.09429705251821
12.126560840477334
11.192759418228992
12.947037937274345
12.469693938220106
12.122704822767538
12.414772778895902
12.12471192065837
13.381505328823938
10.169423283493726
11.184601673900774
11.909051718908861
10.346136112925882
11.936662001306962
10.05564296730289
10.535901571308994
9.953658941206113
11.38241450793371
11.753045743353495
10.727474453842776
10.556685187972604
10.473349319963067
10.444013573803396
11.189677924466512
12.436659314889676
11.338063807314128
9.238957602367297
10.307150466610423
10.062266361726973
9.854818091109355
13.466355641898176
11.76359974692469
9.736738625380994
11.0004087626924
10.741982031862404
9.224074396054892
11.568151209381005
8.574483609679234
9.937602888674723
8.57209474706781
9.995978716771305
10.42738059733416
9.906876930443957
9.670129920540232
9.773501721874357
9.104076018951604
9.408006716921326
10.191086635509487
9.274717662927499
7.069062173885305
9.573986088102316
9.58336077455364
8.858671626148231
9.878202445978545
9.095307002078354
9.121581628474827
10.333903455668587
7.129034310426531
8.998066986690759
9.327028877468898
9.270921780881885
9.075962855976
7.732482036212264
8.43271968752711
8.461709201675324
8.640608083749832
8.092067897907624
9.96427615791762
10.256496481029886
10.908824023346895
8.063641605614762
9.475495799192302
9.31153207473951
9.81447510602693
8.220115181883816
9.071070797143124
7.813085818406609
7.718535798455493
7.741506786708339
7.978018414848257
7.82027383856102
8.998551884299957
6.968312469498411
6.124341359170434
7.550623042519233
8.272984237898221
6.944155652976196
9.080597970602634
6.726453978257282
6.793807810092481
8.187785281596135
7.732155578904372
7.20693043108321
6.876766169106211
7.77389691027383
9.639580047596564
