0.9998219373219374
0.9998057520037718
0.9995084329862302
0.9992987477911687
0.998526174401217
0.9992889733347877
0.9987704092835615
0.9979514394264819
0.9976109896650766
0.996483640028893
0.9968876838543623
0.9947505239542478
0.9953179304229487
0.9938889220522289
0.9926358062501168
0.9921529126278074
0.9908537040991954
0.9900888904227785
0.9886497622840278
0.9881758841923548
0.9868300746279437
0.9833365245764747
0.9834721794022456
0.9817965734993959
0.9834268009837358
0.9795647500620571
0.9779928832541874
0.9747988446525769
0.9728173926345193
0.9691825696820608
0.9719317445807256
0.9707986171921634
0.9694374669768088
0.9648648257593468
0.9617454129625748
0.9621650996845567
0.954507233377993
0.9565716883004916
0.9550877568655136
0.9514061666594708
0.9501936089476466
0.9472886948379937
0.9432674333107535
0.9410908931509343
0.9355861818725537
0.9379631957663341
0.9339790603245086
0.9338364419613673
0.9294243279782299
0.9315900495547302
0.9207274559988912
0.9178778828544719
0.919552868408655
0.9105093011048194
0.9071402209106929
0.903727849322248
0.9063995490252224
0.899074585898215
0.9019597493189465
0.9020795295058471
0.8917296446149996
0.8903786361138805
0.8815524632427078
0.8808189025482137
0.8820653152284037
0.8758876223370877
0.8703885917350899
0.8700719671005263
0.8647481350292536
0.8581965286728719
0.8595327837887402
0.8521899244270965
0.8525302937337116
0.8480159594857568
0.8375924482797013
0.8339515874555223
0.8337278228473931
0.8327528309227007
0.8178240272731502
0.8177893407318101
0.8143923496578026
0.8049036510550855
0.8098710945719019
0.8117816025811131
0.8017800004359806
0.7977578803585587
0.7918531067972704
0.7941043192365526
0.784499849751099
0.7801127142170529
0.7684678264341608
0.7736450637586448
0.7675618713669209
0.7665559602397878
0.7572240356067184
0.7438667259639762
0.7471797136041054
0.7447748891970006
0.7426576346681071
0.7388261356223782
0.7316671530274877
0.7331889169118019
0.722036570273714
0.7153254514430073
0.7048567770980714
0.7123941771872484
0.7071581924153368
0.7102675808161876
0.6899582841616926
0.6914934788515471
0.6858045617736113
0.6748315252204268
0.6750786290878733
0.6724326410711715
0.6627823881784961
0.6586702374939856
0.6572746260013009
0.6493595027050209
0.6483485012067592
0.6421895713635034
0.6379824941168727
0.635558387319387
0.6237333492767604
0.6335481024205845
0.6154796536274164
0.6095892690512709
0.6124777442109968
0.5979552951469209
0.601390883890714
0.5941936702614276
0.582816805985975
0.5892581710020578
0.5828843401106125
0.5808539126922014
0.5687563383930704
0.5652907484683495
0.5691374674979889
0.5594286605337451
0.5524166650528444
0.5436401388824257
0.546455619638331
0.5420582391708075
0.5268275634936475
0.5345850197038738
0.5327899365625747
0.5179701737840122
0.503634538619801
0.5021581989479738
0.5113153808805493
0.5019921255135281
0.4936176526690524
0.4872552470706025
0.48340966009643266
0.4860497740494646
0.4794437473021242
0.46564625753325933
0.4668093817173826
0.45733027303600676
0.4610004196247602
0.4625378296417663
0.45140714876051435
0.4566232150862094
0.443001949232135
0.43720168064703313
0.4446112554137809
0.42759332719845794
0.42718934290121197
0.42406766133014523
0.42085494144133795
0.407106333966025
0.406874365112794
0.40939705655314124
0.4025804219992572
0.38789260301910383
0.390693426910347
0.3865700700122392
0.38363977965733914
0.3745507987976721
0.3706102560365767
0.3694443355235741
0.365251679271162
0.3574738915107886
0.3532259819878744
0.35501194560603894
0.3473119789746938
0.35046332999896584
0.3409738530215829
0.33068041179915836
0.34202316760272966
0.32994668742111494
0.33303108551042404
0.3146128959931719
0.3207512420670115
0.30593100326674355
0.3151886292287716
0.3114343205228374
0.29589069853503275
0.29196331263798925
0.2977381469663229
0.2968703520891477
0.29125597523240854
0.2860761693198388
0.28035382048085045
0.28369820699030257
0.2738815431106987
0.2720985782839262
0.26860547258747813
0.2677614293457001
0.2619957249099517
0.2620803274541608
0.2532226610841572
0.24599927894778717
0.24247908910742005
0.24458984202154288
0.24243413013935114
0.23466186079126822
0.23036802099716489
0.23601276124168336
0.23184048736555354
0.22588336543737866
0.2176089101913453
0.22008744015477893
0.2123385013253986
0.20552220068237165
0.21126772432150154
0.21167318615069686
0.208045579604911
0.2047971719680033
0.19605234204043423
0.19852886111074156
0.25066315418757723
0.24652917307436809
0.24496962749140702
0.2435341083653336
0.24075263546313797
0.2357195995770804
0.24023375209990847
0.22795060834457168
0.22557157631778074
0.21785012604850862
0.22067444409460518
0.2155717330614663
0.215721070805079
0.2051910527649636
0.2114196240908467
0.20882843770094336
0.5359077695728962
0.5280244686849733
0.5306903289704465
0.5387131077621388
0.5274083890162958
0.5226050743569998
0.523388950320372
0.5217558204632502
0.5139401352329016
0.5158079961000684
0.5078738199704383
0.5154365581798253
0.49619014827919405
0.5029233468818822
0.4980316569318285
0.4947309366523404
0.4853884861609215
0.48798381165941374
0.4805948188770939
0.4819219774291221
0.4731789381293897
0.47362557158040075
0.46575421205900175
0.47590565935109497
0.46856621505719237
0.4659452596544101
0.4676850974708798
0.45998070945415265
0.45388803271626926
0.4559903394039817
0.4551467455860722
0.45404911329156694
0.4445110791168252
0.4424141567448373
0.43675995958943004
0.43417967699435983
0.44339400078859137
0.4406798107740101
0.43801223126647165
0.4334094562101322
0.4403351147030354
0.435158117453619
0.4257345386944447
0.42108027239636237
0.42406256507543716
0.4200691331641101
0.42509162032510334
0.4141140658490674
0.40785652322437804
0.4099955238628319
0.9999009900990099
0.9997900432900434
0.9997674418604652
0.9993533120866637
0.9990263618491833
0.999270909599055
0.9980978375404496
0.9986830935709397
0.9978746407327596
0.9975283141854163
0.995450309051656
0.9959096686883719
0.9954338546597076
0.9931721311058211
0.9998989898989898
1.0
0.9998958333333333
