80.49857748786793
80.86254955068527
79.96987272274397
79.91266654457506
79.86804204717433
80.13483321459438
79.78679267973615
78.91290022865982
79.63034228010386
78.93180889801202
78.7618947947365
78.96581437650357
78.32450008876467
77.20363313241424
77.4476538460505
76.24407775282357
75.91265868553563
76.03862869987545
75.72074634643437
74.19676765066404
74.08441114108845
73.52967222338405
73.41885271878499
72.66127669007082
71.93247443507124
71.23689095578371
70.62802212356443
70.12834597227689
69.67939010644908
69.98085150943422
69.29798943778695
68.78900909330338
68.98821051888257
67.28109868121793
66.42756814817521
66.27706441507128
66.63533447847371
67.23291526566003
65.84816708431806
