50 93
63 104
53 101
58 103
58 104
58 104
58 96
63 99
68 122
55 99
58 99
61 108
57 106
63 119
66 117
68 109
43 82
48 90
55 95
57 101
55 105
54 104
47 91
53 99
45 90
47 77
54 93
60 101
49 93
55 90
66 102
66 109
55 89
69 114
72 114
48 84
62 107
59 104
57 95
45 95
65 92
49 102
49 95
63 106
70 98
53 92
61 105
37 79
56 106
58 109
45 86
57 97
54 91
57 112
63 105
59 101
53 88
58 99
56 93
63 108
53 102
53 102
56 102
51 89
53 97
47 94
59 107
66 106
60 106
45 80
44 93
58 106
54 93
54 97
72 120
64 108
68 111
51 88
54 100
63 91
73 121
57 115
58 100
59 107
65 119
65 109
67 104
54 89
56 100
58 88
57 93
47 83
57 94
71 119
46 89
67 108
59 103
61 97
51 94
59 103
60 113
52 104
68 107
65 110
48 98
62 116
52 97
68 116
51 95
58 106
61 110
43 73
51 100
62 103
61 111
72 119
59 108
52 108
51 81
65 121
57 96
53 107
54 97
51 93
60 107
74 111
55 100
59 108
44 88
54 104
63 101
68 115
58 96
57 102
64 107
57 96
52 104
68 116
57 103
65 115
72 117
51 95
58 108
51 102
51 92
66 108
54 102
65 115
63 109
57 105
50 99
67 99
63 108
44 84
65 109
71 114
63 109
46 92
68 114
61 103
56 110
55 107
46 94
60 100
45 85
68 114
58 97
66 109
71 120
50 97
57 110
55 99
56 98
45 97
68 112
65 113
63 113
62 99
70 133
77 126
67 119
59 100
57 92
50 95
56 112
58 101
64 112
59 98
50 80
60 100
55 100
59 110
55 100
58 99
58 98
52 95
51 98
64 103
58 99
58 95
62 96
52 78
51 96
47 96
44 85
44 91
51 96
51 95
42 96
47 89
53 101
47 96
43 90
50 88
60 106
45 98
53 100
60 98
72 123
57 100
59 100
47 90
50 106
63 112
40 94
58 112
59 99
62 104
50 93
42 79
61 94
48 92
56 97
49 92
53 87
61 103
47 86
61 97
57 101
52 88
53 95
48 98
