0.9992047834717752
0.9979835953464448
0.9986705774179498
0.9971055602400877
0.9964083029567345
0.9959995567048929
0.9952654497011281
0.9929410453630354
0.9915141052921602
0.9896653948319301
0.9867370899372364
0.9863533632774599
0.9842969570493884
0.9795840567448192
0.9788674904561928
0.9770505842571083
0.9736632668800189
0.9691917218160572
0.9669576139955534
0.9592538614628198
0.9542541770176919
0.9470411462116615
0.9386022258755591
0.9354342094126372
0.9227044520120617
0.9096125202401245
0.9037043862592256
0.889574463311647
0.8671396825567088
