0.9996296296296296
0.9976156266389115
0.9955454119654855
0.997295864363094
0.9946663978828967
0.9922311921874102
0.9922385454381899
0.9899035193360203
0.9892551782417306
0.9851987615886728
0.9843524105937482
0.9812035885723668
0.9781454233080537
0.9740897710924413
0.9660597384478752
0.9636911081190582
0.9566391569307287
0.9534775456699477
0.9473155721710087
0.9422657032911045
0.9272707953580963
0.9286062372902358
0.9024827909518031
0.8975806366032298
0.8884594919196965
0.874376558536939
0.8673592394597384
0.8519710294547721
0.8309263783414975
