1.0
0.9984035382797862
0.9985473537900009
0.9994600062956571
0.9985612844838733
0.9977934418700302
0.997722105022601
0.9975269161873781
0.996254982712137
0.996806526504304
0.9930574852943513
0.9925612550074985
0.9917809274804129
0.9918040921335917
0.9865482204129978
0.9866351373855525
0.9833034179832886
0.9811837566849089
0.9805884464499123
0.9793240567616135
0.9716665035745982
0.9670286138754931
0.9612788939331142
0.959992892961505
0.94701243631457
0.9401342141303047
0.9344146250426166
0.9196700544679579
0.906455585302551
