-105.75268116949194 99.20368151164446 0
-7.245813920413407 -3.0412862313174887 1
28.58105939326157 -28.432518089460682 2
-12.552762574472526 -123.83315519646374 3
127.41458238205996 4.3129852367944155 4
-4.925611727301188 -40.78069714113037 5
-101.85006900778164 -11.083627504956054 6
-47.54284090736083 -56.688126754505774 7
122.64580779860134 -65.69168226630337 8
66.28393011192188 -37.3496481310708 9
114.87426320147836 -2.219765096089628 10
0.12000572247258708 -3.923825585392924 11
-46.6668664220174 5.718153850118246 12
20.272830095181494 145.5182621655022 13
-57.30279105048623 27.974468638805675 14
23.757650964351356 12.01605019663495 15
-43.917627931512534 -12.015442457705015 16
-58.66563304371692 132.1617352414175 17
-19.042057076384943 -45.28004287238602 18
68.22747473360681 30.25061134394102 19
-55.470613716141315 22.047705284288313 20
-49.81203874774986 39.87309271521675 21
-93.07627961985055 -21.069162909254924 22
-7.301611514376741 53.838858198195936 23
-8.922333262932469 -110.66654460194799 24
13.050060672618686 5.248840062308956 25
4.526710326725906 -2.211056748865543 26
-91.61616634675661 117.70896285108395 27
-80.03027766568884 -112.97880291555252 28
-15.109366584885395 16.46133864326598 29
23.90460685427294 -11.402918175765398 30
-8.306275898511698 93.11669071756957 31
91.05518438185301 -13.275722609267286 32
-71.91430972487025 87.89791515052849 33
29.97197755273888 -112.3492965304868 34
-88.11529815181169 70.8227575249058 35
8.516798197656895 -3.4066194913214725 36
16.45249575510818 -63.113756187333884 37
106.27618725563039 35.20075927012408 38
-78.77333895192344 15.347110045599763 39
26.738072770265497 91.77882628416086 40
-5.774137515808468 83.14097266826658 41
-44.987393519674974 -68.5919500413317 42
-110.47520319375863 -28.629839053878893 43
25.9608061071394 -12.135441319940746 44
0.843571395912433 -1.955526041127222 45
-121.71519581678997 -81.51384359959712 46
-33.568683141310146 -81.92845622663758 47
-24.34302035673353 -44.937547204879095 48
-0.9240719046425111 -4.363642811143672 49
