0.9602655004231836
0.9614074334550479
0.9618022504284002
0.9593320175489589
0.9472746696631402
0.9500101831030042
0.9477386281758997
0.9389834511249839
0.9366650824094753
0.9321308889988217
0.9185501209085539
0.9193318855295793
0.9250490329801577
0.9115825396633579
0.9101149600372797
0.9111289424615966
0.9080140436765771
0.9055267783463414
0.9054002670492618
0.8974026892085307
0.8881674076354958
0.8744998694865396
0.8790361775338411
0.8771400862851444
0.8793175515766558
0.8796478655335959
0.8591339340902254
0.8635080799413304
0.8646279990919011
0.8600034006120676
0.8448833765800958
0.8502998407542179
0.84874040293103
0.839100810396938
0.8342971317886555
0.841409826756269
0.834622813325841
0.8324728207346397
0.8265934137835945
0.8233995661637874
0.8269412632482607
0.8238154920449987
0.8161989056144465
0.8179456874541206
0.8031562835901793
0.8171923515275908
0.8058479640120448
0.8138318234061078
0.8065947033599312
0.7963868771305084
0.7983812824163323
0.7975118800536655
0.8032039293647186
0.7947683393176892
0.7839314783804235
0.7927350499227722
0.7985867377430863
0.7862341295857188
0.7836475926291244
0.798254481610554
0.7935365182259977
0.787657362059488
0.7842548668607938
0.7766356718683385
0.7864002700134637
0.7680070932226812
0.7707240217343876
0.7771135476502908
0.7785940063977134
0.7715770349714143
0.7513211509741548
0.7507050278286759
0.7618646912743021
0.7610599290564207
0.767166330630528
0.7590609047892698
0.746753033951745
0.7374842783929131
0.7447436667495759
0.7450368316662884
0.7395046132574624
0.7328343972310917
0.7462510298182948
0.734117571384169
0.7327446277488828
0.7351589237378505
0.7399877236677128
0.7306403087774745
0.72904669321541
0.7246178477280771
0.7281445656135275
0.7229241782611848
0.7216959620370687
0.7245533134009444
0.7111666860061238
0.727099841439736
0.7197878388273985
0.7065494794904572
0.7135981526267204
0.7151681107448381
