0.725331013953012
0.7241931453462553
0.7331475697295411
0.7193002748444849
0.7246100146413622
0.7121062114495887
0.7163086955100688
0.6963351938864177
0.687777249590357
0.7024926176823098
0.6936028843900276
0.6733951388201205
0.6763701846155039
0.688089450586302
0.6667837968553978
0.6770278996064705
0.6669710398663342
0.6795724700273867
0.6455893370248179
0.6425639047515486
0.5983513457188713
0.6367464517355477
0.6501231378977241
0.63413267734302
0.6182776668913312
0.629543857882663
0.6302043273191091
0.6337408180320038
0.6092307542754423
0.6289556984405211
